# Obtained using Skycalc tool from ESO webpage
# Water vapour content 2.5 mm
Wave[nm] Transmission[no-units]
1170 0.709708
1170.46401 0.928162
1170.9282 0.958862
1171.39258 0.969374
1171.85714 0.96614
1172.32189 0.960095
1172.78682 0.962447
1173.25193 0.953856
1173.71723 0.928838
1174.18272 0.927349
1174.64838 0.956048
1175.11424 0.963781
1175.58028 0.961811
1176.0465 0.973735
1176.51291 0.978628
1176.9795 0.967229
1177.44628 0.94253
1177.91324 0.935162
1178.38039 0.952744
1178.84772 0.971032
1179.31524 0.966052
1179.78294 0.953096
1180.25083 0.964327
1180.71891 0.968339
1181.18717 0.946926
1181.65561 0.913445
1182.12424 0.915657
1182.59306 0.950389
1183.06207 0.973727
1183.53126 0.976413
1184.00063 0.962749
1184.47019 0.938031
1184.93994 0.936888
1185.40988 0.962676
1185.88 0.974087
1186.3503 0.97269
1186.8208 0.97167
1187.29148 0.959245
1187.76235 0.931326
1188.2334 0.928219
1188.70464 0.947719
1189.17607 0.960688
1189.64768 0.969963
1190.11948 0.970631
1190.59147 0.97049
1191.06365 0.970709
1191.53601 0.973016
1192.00856 0.973507
1192.4813 0.976918
1192.95423 0.971337
1193.42734 0.961787
1193.90064 0.969734
1194.37413 0.975521
1194.8478 0.974305
1195.32167 0.968888
1195.79572 0.966061
1196.26996 0.970703
1196.74439 0.976417
1197.219 0.973133
1197.69381 0.965575
1198.1688 0.964397
1198.64398 0.952685
1199.11935 0.952257
1199.59491 0.965794
1200.07065 0.973025
1200.54659 0.972858
1201.02271 0.968524
1201.49903 0.962369
1201.97553 0.958165
1202.45222 0.968158
1202.9291 0.969914
1203.40617 0.94409
1203.88343 0.918274
1204.36087 0.938478
1204.83851 0.954153
1205.31634 0.965006
1205.79435 0.975131
1206.27256 0.973896
1206.75095 0.966208
1207.22954 0.961377
1207.70831 0.964144
1208.18727 0.963678
1208.66643 0.963693
1209.14577 0.962718
1209.62531 0.967883
1210.10503 0.969657
1210.58495 0.974919
1211.06505 0.970805
1211.54535 0.961913
1212.02583 0.965322
1212.50651 0.969747
1212.98738 0.976551
1213.46843 0.9776
1213.94968 0.970559
1214.43112 0.968485
1214.91275 0.968974
1215.39457 0.973374
1215.87659 0.979621
1216.35879 0.978073
1216.84119 0.975585
1217.32377 0.97908
1217.80655 0.977699
1218.28952 0.973416
1218.77268 0.970489
1219.25603 0.969261
1219.73958 0.972258
1220.22331 0.976046
1220.70724 0.979248
1221.19136 0.975758
1221.67567 0.970842
1222.16017 0.973231
1222.64487 0.97327
1223.12976 0.973762
1223.61484 0.973295
1224.10011 0.976579
1224.58557 0.979421
1225.07123 0.97933
1225.55708 0.978833
1226.04312 0.97936
1226.52936 0.977861
1227.01579 0.975397
1227.50241 0.978019
1227.98922 0.98145
1228.47623 0.982244
1228.96343 0.980687
1229.45083 0.979643
1229.93841 0.981106
1230.42619 0.982817
1230.91417 0.983246
1231.40234 0.982941
1231.8907 0.98272
1232.37925 0.982116
1232.868 0.980421
1233.35694 0.980402
1233.84608 0.982239
1234.33541 0.983044
1234.82493 0.982855
1235.31465 0.982575
1235.80456 0.982711
1236.29467 0.982462
1236.78497 0.9818
1237.27547 0.982115
1237.76616 0.982456
1238.25704 0.982332
1238.74812 0.98221
1239.2394 0.982287
1239.73087 0.982218
1240.22253 0.981821
1240.71439 0.981291
1241.20644 0.981271
1241.69869 0.981463
1242.19114 0.981454
1242.68378 0.98129
1243.17661 0.981111
1243.66964 0.980838
1244.16287 0.980538
1244.65629 0.980395
1245.14991 0.980183
1245.64372 0.980026
1246.13773 0.979668
1246.63193 0.979205
1247.12633 0.979097
1247.62093 0.978487
1248.11572 0.977612
1248.61071 0.977783
1249.1059 0.977265
1249.60128 0.976158
1250.09686 0.976408
1250.59264 0.975461
1251.08861 0.973686
1251.58478 0.974373
1252.08114 0.973198
1252.5777 0.97061
1253.07446 0.971953
1253.57142 0.970472
1254.06857 0.966845
1254.56592 0.96925
1255.06347 0.969308
1255.56121 0.964791
1256.05916 0.963855
1256.5573 0.966581
1257.05563 0.963127
1257.55417 0.956657
1258.0529 0.959568
1258.55183 0.956382
1259.05096 0.94808
1259.55028 0.950715
1260.04981 0.947232
1260.54953 0.936098
1261.04945 0.931227
1261.54957 0.930031
1262.04989 0.918059
1262.5504 0.905757
1263.05112 0.903636
1263.55203 0.904524
1264.05314 0.900282
1264.55445 0.897097
1265.05596 0.892963
1265.55767 0.897786
1266.05957 0.898742
1266.56168 0.90672
1267.06398 0.907127
1267.56649 0.903507
1268.06919 0.863863
1268.57209 0.767974
1269.0752 0.767118
1269.5785 0.84445
1270.082 0.900012
1270.5857 0.920098
1271.0896 0.928761
1271.5937 0.931087
1272.098 0.931422
1272.6025 0.930707
1273.1072 0.934538
1273.6121 0.938159
1274.1172 0.941159
1274.62251 0.942245
1275.12801 0.94569
1275.63371 0.952541
1276.13961 0.949506
1276.64572 0.95275
1277.15202 0.957118
1277.65853 0.958857
1278.16523 0.959556
1278.67214 0.964925
1279.17925 0.969057
1279.68655 0.9676
1280.19406 0.967933
1280.70178 0.971813
1281.20969 0.975617
1281.7178 0.976785
1282.22612 0.97595
1282.73463 0.97685
1283.24335 0.979058
1283.75227 0.980258
1284.2614 0.97911
1284.77072 0.977815
1285.28025 0.980482
1285.78998 0.982496
1286.29991 0.981871
1286.81004 0.980383
1287.32037 0.980711
1287.83091 0.98072
1288.34165 0.977729
1288.85259 0.976557
1289.36374 0.97984
1289.87509 0.982355
1290.38664 0.983102
1290.89839 0.983213
1291.41035 0.981014
1291.92251 0.977058
1292.43487 0.978426
1292.94744 0.982284
1293.46021 0.983619
1293.97318 0.982564
1294.48635 0.982358
1294.99973 0.979042
1295.51332 0.975022
1296.0271 0.977295
1296.54109 0.977424
1297.05529 0.972311
1297.56969 0.970484
1298.08429 0.977033
1298.5991 0.983131
1299.11411 0.979171
1299.62932 0.971001
1300.14474 0.97022
1300.66036 0.963378
1301.17619 0.965685
1301.69222 0.976178
1302.20846 0.974972
1302.7249 0.968011
1303.24155 0.964805
1303.7584 0.952228
1304.27546 0.938117
1304.79272 0.960816
1305.31019 0.976454
1305.82786 0.974906
1306.34574 0.960012
1306.86382 0.940184
1307.38211 0.941969
1307.9006 0.947206
1308.4193 0.963839
1308.93821 0.962576
1309.45732 0.942011
1309.97663 0.932413
1310.49616 0.935078
1311.01588 0.959135
1311.53582 0.970531
1312.05596 0.96067
1312.57631 0.950259
1313.09686 0.920849
1313.61762 0.902429
1314.13859 0.925256
1314.65976 0.935878
1315.18114 0.935498
1315.70273 0.943992
1316.22452 0.950175
1316.74652 0.94037
1317.26873 0.950676
1317.79115 0.954425
1318.31377 0.927986
1318.8366 0.910841
1319.35963 0.902001
1319.88288 0.89519
1320.40633 0.909936
1320.92999 0.931341
1321.45385 0.929885
1321.97793 0.938606
1322.50221 0.920321
1323.0267 0.890845
1323.5514 0.904267
1324.07631 0.908794
1324.60142 0.93609
1325.12674 0.947302
1325.65227 0.942682
1326.17801 0.942979
1326.70396 0.930365
1327.23012 0.911361
1327.75648 0.897809
1328.28306 0.868918
1328.80984 0.854792
1329.33683 0.867907
1329.86403 0.894483
1330.39144 0.883715
1330.91906 0.837881
1331.44689 0.787066
1331.97493 0.786373
1332.50318 0.819029
1333.03163 0.8564
1333.5603 0.842074
1334.08917 0.845423
1334.61826 0.885982
1335.14756 0.891095
1335.67706 0.861464
1336.20678 0.825819
1336.7367 0.838951
1337.26684 0.812936
1337.79718 0.83015
1338.32774 0.886355
1338.8585 0.876912
1339.38948 0.850204
1339.92067 0.813273
1340.45207 0.783765
1340.98368 0.829086
1341.5155 0.8332
1342.04753 0.864432
1342.57977 0.874081
1343.11222 0.845702
1343.64489 0.773827
1344.17776 0.663808
1344.71085 0.662522
1345.24415 0.739229
1345.77765 0.727319
1346.31138 0.722208
1346.84531 0.713815
1347.37945 0.591388
1347.91381 0.415696
1348.44838 0.439662
1348.98316 0.562088
1349.51815 0.619296
1350.05335 0.504599
1350.58877 0.409057
1351.1244 0.428714
1351.66024 0.392666
1352.1963 0.424694
1352.73256 0.392204
1353.26904 0.321757
1353.80573 0.289104
1354.34264 0.17392
1354.87976 0.118259
1355.41709 0.165248
1355.95463 0.201228
1356.49239 0.254941
1357.03036 0.2156
1357.56854 0.17956
1358.10694 0.174756
1358.64555 0.148922
1359.18438 0.136904
1359.72341 0.120636
1360.26266 0.127725
1360.80213 0.0796524
1361.34181 0.0345722
1361.8817 0.0177397
1362.42181 0.0457901
1362.96213 0.130405
1363.50267 0.178262
1364.04342 0.123291
1364.58439 0.05673
1365.12556 0.0638186
1365.66696 0.136016
1366.20857 0.19783
1366.75039 0.171697
1367.29243 0.103718
1367.83468 0.044982
1368.37715 0.0495673
1368.91984 0.115165
1369.46274 0.149403
1370.00585 0.114847
1370.54918 0.0965865
1371.09272 0.074252
1371.63649 0.0846417
1372.18046 0.101793
1372.72465 0.148654
1373.26906 0.18681
1373.81369 0.23492
1374.35853 0.229505
1374.90358 0.254348
1375.44885 0.325448
1375.99434 0.257215
1376.54005 0.224462
1377.08597 0.252884
1377.63211 0.385851
1378.17846 0.325266
1378.72503 0.192569
1379.27182 0.254358
1379.81882 0.262392
1380.36604 0.117681
1380.91348 0.0811784
1381.46114 0.141611
1382.00901 0.0952959
1382.5571 0.0395615
1383.10541 0.0475089
1383.65393 0.0798716
1384.20268 0.122006
1384.75164 0.120341
1385.30081 0.106907
1385.85021 0.148306
1386.39982 0.219751
1386.94965 0.287991
1387.4997 0.250547
1388.04997 0.167741
1388.60046 0.256528
1389.15116 0.366715
1389.70208 0.383403
1390.25322 0.380922
1390.80458 0.367857
1391.35616 0.385152
1391.90796 0.24426
1392.45997 0.142743
1393.01221 0.248059
1393.56466 0.338132
1394.11734 0.271556
1394.67023 0.144171
1395.22334 0.0637527
1395.77667 0.0555293
1396.33022 0.100772
1396.88399 0.222156
1397.43798 0.359841
1397.99219 0.449019
1398.54662 0.458297
1399.10127 0.353083
1399.65613 0.165976
1400.21122 0.0586034
1400.76653 0.041184
1401.32206 0.101584
1401.87781 0.281867
1402.43378 0.448181
1402.98997 0.417861
1403.54638 0.353037
1404.10301 0.224802
1404.65986 0.116712
1405.21694 0.178342
1405.77423 0.388993
1406.33175 0.391195
1406.88948 0.196042
1407.44744 0.217612
1408.00562 0.409941
1408.56402 0.370131
1409.12264 0.187412
1409.68148 0.173276
1410.24055 0.310317
1410.79983 0.382367
1411.35934 0.395418
1411.91907 0.439765
1412.47902 0.476036
1413.0392 0.553461
1413.59959 0.416115
1414.16021 0.235657
1414.72105 0.193829
1415.28212 0.318984
1415.8434 0.51368
1416.40491 0.61611
1416.96664 0.554517
1417.5286 0.481768
1418.09077 0.478318
1418.65317 0.376895
1419.2158 0.233912
1419.77864 0.283288
1420.34171 0.407709
1420.905 0.478006
1421.46852 0.560518
1422.03226 0.617405
1422.59622 0.546604
1423.16041 0.429624
1423.72482 0.424163
1424.28945 0.547816
1424.85431 0.596599
1425.41939 0.536114
1425.9847 0.564201
1426.55023 0.630642
1427.11598 0.554783
1427.68196 0.471148
1428.24816 0.417907
1428.81459 0.468609
1429.38125 0.625041
1429.94812 0.706854
1430.51523 0.707125
1431.08255 0.507915
1431.6501 0.350206
1432.21788 0.35652
1432.78588 0.472033
1433.35411 0.588534
1433.92256 0.536451
1434.49124 0.487029
1435.06015 0.589127
1435.62928 0.65057
1436.19863 0.580067
1436.76821 0.537561
1437.33802 0.423629
1437.90805 0.40569
1438.47831 0.583695
1439.0488 0.629465
1439.61951 0.549052
1440.19045 0.601062
1440.76161 0.596875
1441.333 0.567236
1441.90462 0.639856
1442.47646 0.619419
1443.04853 0.585642
1443.62083 0.682311
1444.19335 0.695648
1444.76611 0.63848
1445.33909 0.475505
1445.91229 0.441108
1446.48572 0.581361
1447.05939 0.648379
1447.63327 0.740058
1448.20739 0.786165
1448.78173 0.791303
1449.3563 0.752447
1449.9311 0.565939
1450.50613 0.375938
1451.08139 0.437466
1451.65687 0.634965
1452.23258 0.679135
1452.80852 0.729473
1453.38469 0.830972
1453.96109 0.868482
1454.53771 0.791802
1455.11457 0.705689
1455.69165 0.7537
1456.26896 0.816801
1456.8465 0.831173
1457.42427 0.819057
1458.00227 0.829969
1458.5805 0.870743
1459.15896 0.87911
1459.73764 0.813786
1460.31656 0.737821
1460.8957 0.76729
1461.47508 0.772222
1462.05469 0.812852
1462.63452 0.760363
1463.21459 0.665571
1463.79488 0.783454
1464.37541 0.857217
1464.95616 0.769418
1465.53715 0.699857
1466.11837 0.661882
1466.69981 0.634748
1467.28149 0.656234
1467.8634 0.727398
1468.44554 0.798322
1469.02791 0.753071
1469.61051 0.66077
1470.19334 0.627199
1470.7764 0.538383
1471.3597 0.599695
1471.94322 0.644629
1472.52698 0.595069
1473.11097 0.664556
1473.69519 0.749834
1474.27964 0.858872
1474.86432 0.896518
1475.44924 0.818687
1476.03439 0.722786
1476.61977 0.727013
1477.20538 0.70055
1477.79122 0.687565
1478.3773 0.765671
1478.96361 0.791019
1479.55015 0.715041
1480.13692 0.674332
1480.72393 0.732123
1481.31117 0.778618
1481.89864 0.732157
1482.48634 0.799674
1483.07428 0.870959
1483.66245 0.854241
1484.25086 0.802073
1484.8395 0.817706
1485.42837 0.81831
1486.01747 0.799589
1486.60681 0.756778
1487.19638 0.766936
1487.78619 0.795863
1488.37623 0.847487
1488.9665 0.86922
1489.55701 0.858409
1490.14775 0.907363
1490.73873 0.908738
1491.32994 0.85428
1491.92139 0.874673
1492.51307 0.907887
1493.10498 0.918721
1493.69713 0.930189
1494.28952 0.908909
1494.88214 0.894621
1495.47499 0.906128
1496.06808 0.897647
1496.6614 0.895439
1497.25496 0.919106
1497.84876 0.912971
1498.44279 0.927759
1499.03706 0.940374
1499.63156 0.950759
1500.2263 0.968996
1500.82127 0.970823
1501.41648 0.96155
1502.01193 0.942986
1502.60761 0.934329
1503.20353 0.918052
1503.79968 0.891123
1504.39607 0.903441
1504.9927 0.921924
1505.58956 0.95496
1506.18666 0.979786
1506.784 0.980047
1507.38158 0.966197
1507.97939 0.942742
1508.57744 0.914902
1509.17572 0.936544
1509.77424 0.96907
1510.373 0.973442
1510.972 0.973527
1511.57124 0.976254
1512.17071 0.971986
1512.77042 0.967816
1513.37037 0.962086
1513.97056 0.957051
1514.57098 0.970109
1515.17164 0.982877
1515.77255 0.979966
1516.37368 0.967997
1516.97506 0.962417
1517.57668 0.965165
1518.17853 0.970954
1518.78063 0.970492
1519.38296 0.971282
1519.98553 0.978375
1520.58834 0.982462
1521.19139 0.984533
1521.79468 0.98381
1522.3982 0.987139
1523.00197 0.988853
1523.60598 0.986757
1524.21022 0.984261
1524.81471 0.981516
1525.41943 0.981838
1526.0244 0.980346
1526.6296 0.978555
1527.23505 0.9813
1527.84073 0.985597
1528.44666 0.986536
1529.05283 0.985591
1529.65923 0.984494
1530.26588 0.984573
1530.87276 0.984374
1531.47989 0.982877
1532.08726 0.984716
1532.69487 0.98542
1533.30272 0.983787
1533.91081 0.98165
1534.51915 0.980477
1535.12772 0.980012
1535.73653 0.981107
1536.34559 0.982288
1536.95489 0.984128
1537.56443 0.987363
1538.17421 0.988246
1538.78423 0.985918
1539.3945 0.983577
1540.00501 0.984025
1540.61576 0.98403
1541.22675 0.984165
1541.83798 0.983926
1542.44946 0.984921
1543.06118 0.986174
1543.67314 0.987156
1544.28534 0.98706
1544.89779 0.988546
1545.51048 0.989635
1546.12341 0.989838
1546.73659 0.990256
1547.35001 0.990637
1547.96367 0.990958
1548.57758 0.991263
1549.19173 0.991336
1549.80612 0.991188
1550.42076 0.991087
1551.03564 0.990888
1551.65076 0.990594
1552.26613 0.99036
1552.88174 0.990941
1553.4976 0.991308
1554.1137 0.991107
1554.73004 0.991293
1555.34663 0.991672
1555.96347 0.991792
1556.58054 0.991736
1557.19787 0.991736
1557.81544 0.991752
1558.43325 0.991642
1559.05131 0.991516
1559.66961 0.991563
1560.28816 0.991582
1560.90695 0.991548
1561.52599 0.99135
1562.14528 0.990883
1562.76481 0.991029
1563.38458 0.9914
1564.0046 0.991296
1564.62487 0.991269
1565.24538 0.991343
1565.86614 0.991176
1566.48715 0.990857
1567.1084 0.989621
1567.7299 0.987041
1568.35165 0.982249
1568.97364 0.974955
1569.59588 0.965556
1570.21836 0.950842
1570.84109 0.934968
1571.46407 0.927372
1572.0873 0.925053
1572.71077 0.930176
1573.33449 0.94011
1573.95846 0.94499
1574.58267 0.957508
1575.20714 0.970527
1575.83185 0.967694
1576.4568 0.956951
1577.08201 0.946836
1577.70746 0.948311
1578.33317 0.947147
1578.95912 0.943885
1579.58531 0.94975
1580.21176 0.953655
1580.83846 0.961843
1581.4654 0.97027
1582.09259 0.973332
1582.72003 0.974618
1583.34772 0.980168
1583.97566 0.984971
1584.60385 0.987226
1585.23229 0.988548
1585.86097 0.989137
1586.48991 0.989216
1587.11909 0.989972
1587.74853 0.99107
1588.37821 0.991604
1589.00815 0.991817
1589.63833 0.991735
1590.26876 0.991551
1590.89945 0.991591
1591.53038 0.991474
1592.16156 0.991527
1592.793 0.991756
1593.42468 0.99178
1594.05662 0.991469
1594.6888 0.991463
1595.32124 0.99157
1595.95393 0.991188
1596.58687 0.990418
1597.22006 0.989114
1597.8535 0.987114
1598.48719 0.982865
1599.12113 0.975231
1599.75533 0.963369
1600.38977 0.949148
1601.02447 0.939141
1601.65942 0.930988
1602.29462 0.926505
1602.93007 0.931452
1603.56578 0.940266
1604.20173 0.944933
1604.83794 0.958936
1605.4744 0.975346
1606.11112 0.973808
1606.74809 0.960879
1607.3853 0.951542
1608.02278 0.943124
1608.6605 0.942518
1609.29848 0.941542
1609.93671 0.949579
1610.57519 0.954722
1611.21393 0.954897
1611.85292 0.962987
1612.49216 0.971884
1613.13166 0.976478
1613.77141 0.978673
1614.41142 0.980401
1615.05167 0.983863
1615.69219 0.986127
1616.33295 0.986844
1616.97397 0.987479
1617.61525 0.988378
1618.25678 0.988868
1618.89856 0.989105
1619.5406 0.990069
1620.18289 0.990749
1620.82544 0.990716
1621.46824 0.990768
1622.1113 0.991131
1622.75461 0.991328
1623.39818 0.99111
1624.042 0.990916
1624.68608 0.991303
1625.33041 0.991051
1625.975 0.990614
1626.61984 0.990742
1627.26494 0.990095
1627.9103 0.989484
1628.55591 0.989767
1629.20178 0.990489
1629.8479 0.989408
1630.49428 0.987379
1631.14092 0.988906
1631.78781 0.989776
1632.43496 0.988024
1633.08237 0.986291
1633.73003 0.988019
1634.37795 0.98948
1635.02613 0.986947
1635.67456 0.983607
1636.32325 0.98604
1636.9722 0.983726
1637.62141 0.978389
1638.27087 0.983794
1638.92059 0.986573
1639.57057 0.979175
1640.22081 0.971491
1640.8713 0.978686
1641.52205 0.983727
1642.17306 0.976127
1642.82433 0.967677
1643.47586 0.976595
1644.12764 0.983946
1644.77968 0.977396
1645.43199 0.967086
1646.08455 0.978014
1646.73737 0.986103
1647.39045 0.979081
1648.04378 0.969495
1648.69738 0.974652
1649.35124 0.980646
1650.00535 0.975724
1650.65973 0.96767
1651.31436 0.975264
1651.96925 0.984817
1652.62441 0.987181
1653.27982 0.980972
1653.93549 0.974691
1654.59143 0.982098
1655.24762 0.986545
1655.90407 0.984267
1656.56079 0.981834
1657.21776 0.986086
1657.875 0.98984
1658.53249 0.989383
1659.19025 0.987761
1659.84826 0.98952
1660.50654 0.990949
1661.16508 0.989974
1661.82388 0.988169
1662.48294 0.986463
1663.14227 0.98857
1663.80185 0.989815
1664.4617 0.98358
1665.12181 0.956224
1665.78217 0.925985
1666.44281 0.938403
1667.1037 0.964708
1667.76486 0.981634
1668.42627 0.987034
1669.08795 0.988756
1669.7499 0.98987
1670.4121 0.988931
1671.07457 0.988056
1671.7373 0.989957
1672.40029 0.991508
1673.06355 0.991153
1673.72707 0.98758
1674.39085 0.983717
1675.05489 0.987362
1675.7192 0.990397
1676.38378 0.990269
1677.04861 0.985383
1677.71371 0.980384
1678.37907 0.985758
1679.0447 0.990943
1679.71059 0.991342
1680.37675 0.988072
1681.04317 0.983839
1681.70985 0.987427
1682.3768 0.990656
1683.04401 0.986591
1683.71149 0.979542
1684.37923 0.982232
1685.04724 0.988634
1685.71551 0.99065
1686.38405 0.987044
1687.05285 0.982323
1687.72192 0.986762
1688.39125 0.99076
1689.06085 0.989906
1689.73071 0.984398
1690.40084 0.977722
1691.07123 0.980627
1691.74189 0.984537
1692.41282 0.987242
1693.08401 0.9879
1693.75547 0.985379
1694.4272 0.986426
1695.09919 0.989089
1695.77145 0.988733
1696.44397 0.980672
1697.11677 0.973717
1697.78982 0.982047
1698.46315 0.989199
1699.13674 0.988257
1699.8106 0.984522
1700.48473 0.982489
1701.15912 0.980311
1701.83378 0.983212
1702.50871 0.984356
1703.18391 0.984379
1703.85937 0.984819
1704.53511 0.984662
1705.21111 0.982349
1705.88738 0.979988
1706.56391 0.978505
1707.24072 0.977392
1707.91779 0.967611
1708.59513 0.96089
1709.27274 0.975341
1709.95062 0.984878
1710.62877 0.9844
1711.30719 0.986855
1711.98587 0.988849
1712.66483 0.987955
1713.34405 0.979097
1714.02355 0.967637
1714.70331 0.973249
1715.38334 0.978559
1716.06365 0.97618
1716.74422 0.983593
1717.42506 0.990004
1718.10617 0.990999
1718.78756 0.990954
1719.46921 0.990238
1720.15113 0.985641
1720.83333 0.968064
1721.51579 0.950882
1722.19853 0.966746
1722.88153 0.971178
1723.56481 0.954731
1724.24835 0.952342
1724.93217 0.966204
1725.61626 0.977145
1726.30062 0.977843
1726.98526 0.980633
1727.67016 0.980816
1728.35534 0.974912
1729.04078 0.975014
1729.7265 0.983288
1730.41249 0.984669
1731.09876 0.970083
1731.78529 0.940095
1732.4721 0.935619
1733.15918 0.96809
1733.84653 0.986594
1734.53416 0.985815
1735.22205 0.970068
1735.91022 0.943572
1736.59867 0.946286
1737.28738 0.972742
1737.97637 0.985199
1738.66564 0.986012
1739.35517 0.97805
1740.04498 0.964531
1740.73507 0.951214
1741.42542 0.932467
1742.11605 0.958992
1742.80696 0.982505
1743.49814 0.9726
1744.18959 0.954378
1744.88132 0.970056
1745.57332 0.977974
1746.26559 0.930909
1746.95814 0.871677
1747.65097 0.916526
1748.34407 0.972534
1749.03744 0.98688
1749.73109 0.987587
1750.42502 0.982733
1751.11922 0.959694
1751.81369 0.936728
1752.50844 0.962247
1753.20347 0.985401
1753.89877 0.98504
1754.59435 0.958152
1755.2902 0.926237
1755.98633 0.935093
1756.68274 0.917617
1757.37942 0.914316
1758.07638 0.958816
1758.77361 0.98608
1759.47112 0.987789
1760.16891 0.970026
1760.86697 0.94845
1761.56531 0.953059
1762.26393 0.940154
1762.96283 0.938123
1763.662 0.966206
1764.36145 0.971281
1765.06118 0.894696
1765.76118 0.8015
1766.46146 0.882136
1767.16202 0.960846
1767.86286 0.972322
1768.56398 0.965783
1769.26537 0.953312
1769.96704 0.929997
1770.66899 0.922427
1771.37122 0.954521
1772.07373 0.972996
1772.77651 0.965069
1773.47958 0.930194
1774.18292 0.886087
1774.88654 0.908664
1775.59044 0.901861
1776.29462 0.871582
1776.99908 0.915361
1777.70382 0.928305
1778.40884 0.868328
1779.11414 0.83828
1779.81972 0.904006
1780.52557 0.893987
1781.23171 0.821554
1781.93813 0.876125
1782.64483 0.942153
1783.3518 0.927399
1784.05906 0.82342
1784.7666 0.723826
1785.47442 0.770887
1786.18252 0.800589
1786.8909 0.823352
1787.59956 0.895531
1788.30851 0.934642
1789.01773 0.924055
1789.72723 0.911196
1790.43702 0.838191
1791.14709 0.781999
1791.85744 0.787799
1792.56807 0.758658
1793.27898 0.733056
1793.99018 0.748857
1794.70166 0.806205
1795.41342 0.777972
1796.12546 0.72863
1796.83778 0.742796
1797.55039 0.818678
1798.26328 0.83692
1798.97645 0.808369
1799.68991 0.64787
1800.40364 0.490012
1801.11766 0.433872
1801.83197 0.472867
1802.54656 0.513421
1803.26143 0.622141
1803.97658 0.706008
1804.69202 0.731118
1805.40774 0.609208
1806.12375 0.443345
1806.84003 0.466748
1807.55661 0.540669
1808.27347 0.658549
1808.99061 0.696189
1809.70803 0.665004
1810.42575 0.49006
1811.14374 0.371048
1811.86202 0.398363
1812.58059 0.397047
1813.29944 0.487987
1814.01857 0.617249
1814.73799 0.536634
1815.4577 0.356458
1816.17769 0.352379
1816.89797 0.481958
1817.61853 0.555927
1818.33938 0.484591
1819.06051 0.435368
1819.78193 0.311347
1820.50364 0.151744
1821.22563 0.129472
1821.94791 0.149663
1822.67047 0.309227
1823.39332 0.596463
1824.11646 0.686819
1824.83989 0.561566
1825.5636 0.376865
1826.2876 0.22704
1827.01188 0.290755
1827.73646 0.325824
1828.46132 0.203232
1829.18647 0.157786
1829.9119 0.174403
1830.63763 0.162988
1831.36364 0.166445
1832.08994 0.224462
1832.81652 0.22632
1833.5434 0.261741
1834.27056 0.204927
1834.99802 0.0902038
1835.72576 0.0455417
1836.45379 0.0384144
1837.1821 0.0467026
1837.91071 0.0597688
1838.63961 0.109061
1839.36879 0.111437
1840.09826 0.0719281
1840.82803 0.0704528
1841.55808 0.0464444
1842.28842 0.066294
1843.01905 0.150298
1843.74998 0.225236
1844.48119 0.353343
1845.21269 0.380586
1845.94448 0.23054
1846.67656 0.0703882
1847.40894 0.011485
1848.1416 0.0138469
1848.87455 0.0645407
1849.6078 0.125406
1850.34133 0.12746
1851.07516 0.207391
1851.80927 0.305529
1852.54368 0.213608
1853.27838 0.0718191
1854.01337 0.0410606
1854.74865 0.123185
1855.48422 0.197932
1856.22009 0.128525
1856.95625 0.0717495
1857.6927 0.140377
1858.42944 0.219984
1859.16647 0.153553
1859.9038 0.0533433
1860.64141 0.0735476
1861.37932 0.228615
1862.11753 0.337322
1862.85602 0.285045
1863.59481 0.220773
1864.33389 0.135441
1865.07327 0.184351
1865.81294 0.323137
1866.5529 0.295463
1867.29315 0.127962
1868.0337 0.0419557
1868.77454 0.0443704
1869.51568 0.0345079
1870.25711 0.0157052
1870.99883 0.0100076
1871.74085 0.02669
1872.48317 0.0420492
1873.22577 0.0240479
1873.96867 0.0284155
1874.71187 0.0525443
1875.45536 0.0542614
1876.19915 0.0600343
1876.94323 0.0666723
1877.6876 0.131956
1878.43227 0.237844
1879.17724 0.363903
1879.9225 0.371845
1880.66806 0.221949
1881.41391 0.221703
1882.16006 0.37595
1882.9065 0.372885
1883.65324 0.225953
1884.40028 0.175531
1885.14761 0.261646
1885.89524 0.287801
1886.64317 0.289874
1887.39139 0.402581
1888.13991 0.522626
1888.88873 0.456164
1889.63784 0.25145
1890.38725 0.149163
1891.13696 0.189634
1891.88696 0.161748
1892.63727 0.137346
1893.38787 0.166375
1894.13876 0.246968
1894.88996 0.393113
1895.64145 0.477513
1896.39324 0.436254
1897.14533 0.331373
1897.89772 0.16762
1898.6504 0.0842322
1899.40339 0.0374013
1900.15667 0.0336828
1900.91025 0.110867
1901.66414 0.202572
1902.41831 0.171098
1903.17279 0.130025
1903.92757 0.170225
1904.68265 0.119043
1905.43803 0.0399083
1906.1937 0.0294158
1906.94968 0.117421
1907.70595 0.29933
1908.46253 0.372397
1909.21941 0.344097
1909.97658 0.295961
1910.73406 0.178149
1911.49183 0.102629
1912.24991 0.116654
1913.00829 0.10087
1913.76697 0.0631708
1914.52595 0.130004
1915.28523 0.235001
1916.04481 0.202013
1916.80469 0.240151
1917.56488 0.456977
1918.32536 0.559057
1919.08615 0.392323
1919.84724 0.137361
1920.60863 0.058839
1921.37032 0.198408
1922.13232 0.450019
1922.89462 0.521386
1923.65722 0.367832
1924.42012 0.303376
1925.18332 0.471523
1925.94683 0.504153
1926.71064 0.34854
1927.47475 0.240311
1928.23917 0.282625
1929.00389 0.369283
1929.76891 0.404871
1930.53423 0.287351
1931.29986 0.267011
1932.0658 0.393439
1932.83203 0.474579
1933.59857 0.47332
1934.36542 0.490347
1935.13257 0.62115
1935.90002 0.556883
1936.66778 0.44584
1937.43584 0.463166
1938.20421 0.389653
1938.97288 0.31335
1939.74185 0.34514
1940.51113 0.448881
1941.28072 0.461753
1942.05061 0.597505
1942.82081 0.684149
1943.59131 0.580657
1944.36212 0.476992
1945.13323 0.464615
1945.90465 0.572097
1946.67637 0.621395
1947.44841 0.529682
1948.22074 0.49181
1948.99339 0.536492
1949.76634 0.562528
1950.53959 0.610074
1951.31316 0.649202
1952.08703 0.594364
1952.8612 0.504006
1953.63569 0.433766
1954.41048 0.386939
1955.18558 0.391353
1955.96098 0.386716
1956.7367 0.37897
1957.51272 0.383155
1958.28904 0.394739
1959.06568 0.421434
1959.84263 0.538284
1960.61988 0.632339
1961.39744 0.648754
1962.17531 0.604697
1962.95349 0.507034
1963.73197 0.473625
1964.51077 0.543716
1965.28987 0.617499
1966.06928 0.647161
1966.84901 0.653241
1967.62904 0.633698
1968.40938 0.654043
1969.19003 0.715974
1969.97099 0.751875
1970.75226 0.725026
1971.53384 0.698178
1972.31573 0.741403
1973.09793 0.785236
1973.88044 0.783659
1974.66326 0.824666
1975.44639 0.862079
1976.22983 0.878231
1977.01358 0.90669
1977.79764 0.914176
1978.58201 0.902446
1979.3667 0.82581
1980.15169 0.751483
1980.937 0.838085
1981.72262 0.928656
1982.50855 0.940713
1983.29479 0.9386
1984.08135 0.946938
1984.86821 0.942764
1985.65539 0.943845
1986.44288 0.898498
1987.23068 0.840707
1988.0188 0.902215
1988.80722 0.943796
1989.59596 0.894754
1990.38501 0.851406
1991.17438 0.914537
1991.96406 0.96504
1992.75405 0.970288
1993.54435 0.943922
1994.33497 0.904485
1995.12591 0.892
1995.91715 0.846086
1996.70871 0.784173
1997.50058 0.703762
1998.29277 0.602427
1999.08527 0.551491
1999.87809 0.513865
2000.67122 0.460674
2001.46466 0.379312
2002.25842 0.316612
2003.0525 0.303385
2003.84689 0.300363
2004.64159 0.300259
2005.43661 0.300706
2006.23195 0.343077
2007.0276 0.39207
2007.82356 0.476236
2008.61984 0.560542
2009.41644 0.577523
2010.21335 0.512315
2011.01058 0.438586
2011.80813 0.392593
2012.60599 0.391313
2013.40417 0.424002
2014.20266 0.453398
2015.00147 0.473704
2015.8006 0.476364
2016.60005 0.472087
2017.39981 0.496299
2018.19989 0.516076
2019.00028 0.537944
2019.801 0.581107
2020.60203 0.618024
2021.40338 0.651065
2022.20505 0.686327
2023.00703 0.717843
2023.80933 0.750583
2024.61195 0.783173
2025.41489 0.820659
2026.21815 0.862601
2027.02173 0.878614
2027.82562 0.863877
2028.62984 0.872399
2029.43437 0.902526
2030.23922 0.920711
2031.04439 0.934436
2031.84988 0.945956
2032.65569 0.939499
2033.46182 0.931203
2034.26827 0.942375
2035.07504 0.952021
2035.88213 0.953468
2036.68954 0.952565
2037.49727 0.952119
2038.30532 0.94885
2039.11369 0.93825
2039.92238 0.923961
2040.73139 0.921906
2041.54072 0.930264
2042.35038 0.930135
2043.16035 0.931281
2043.97065 0.928563
2044.78126 0.930028
2045.5922 0.936386
2046.40346 0.926467
2047.21504 0.891048
2048.02695 0.857906
2048.83917 0.831605
2049.65172 0.790977
2050.46459 0.759437
2051.27778 0.722971
2052.0913 0.70765
2052.90514 0.683514
2053.7193 0.684693
2054.53378 0.670242
2055.34859 0.663585
2056.16372 0.687664
2056.97917 0.685981
2057.79494 0.700557
2058.61104 0.772952
2059.42747 0.840634
2060.24421 0.871177
2061.06128 0.8495
2061.87868 0.783763
2062.6964 0.726422
2063.51444 0.73525
2064.33281 0.753924
2065.1515 0.755246
2065.97052 0.750174
2066.78986 0.742856
2067.60953 0.728615
2068.42952 0.732017
2069.24984 0.762735
2070.07048 0.788965
2070.89145 0.805249
2071.71274 0.820093
2072.53436 0.838801
2073.3563 0.843846
2074.17858 0.849745
2075.00117 0.866119
2075.8241 0.878092
2076.64735 0.888235
2077.47092 0.902239
2078.29482 0.925504
2079.11905 0.947731
2079.94361 0.957943
2080.76849 0.958376
2081.5937 0.950485
2082.41924 0.942193
2083.24511 0.940063
2084.0713 0.936203
2084.89782 0.930304
2085.72467 0.934401
2086.55184 0.943899
2087.37935 0.948954
2088.20718 0.94959
2089.03534 0.95281
2089.86383 0.956798
2090.69265 0.96197
2091.5218 0.965474
2092.35127 0.96772
2093.18107 0.966895
2094.01121 0.965182
2094.84167 0.972721
2095.67246 0.97909
2096.50358 0.981353
2097.33503 0.979945
2098.16682 0.973368
2098.99893 0.969022
2099.83137 0.975268
2100.66414 0.973003
2101.49724 0.968015
2102.33067 0.978336
2103.16443 0.986151
2103.99852 0.986469
2104.83295 0.985728
2105.6677 0.985881
2106.50279 0.985842
2107.3382 0.985686
2108.17395 0.985029
2109.01003 0.983051
2109.84644 0.980555
2110.68318 0.979234
2111.52026 0.977574
2112.35766 0.98128
2113.1954 0.987091
2114.03347 0.9895
2114.87188 0.988845
2115.71061 0.987548
2116.54968 0.986394
2117.38908 0.981949
2118.22882 0.975509
2119.06888 0.978985
2119.90928 0.982568
2120.75002 0.985695
2121.59108 0.989181
2122.43248 0.990916
2123.27422 0.988727
2124.11629 0.984532
2124.95869 0.985972
2125.80142 0.989827
2126.64449 0.986156
2127.4879 0.979515
2128.33164 0.986077
2129.17571 0.992517
2130.02012 0.993885
2130.86486 0.994022
2131.70994 0.994122
2132.55535 0.994169
2133.4011 0.994351
2134.24719 0.994333
2135.09361 0.992632
2135.94036 0.99049
2136.78745 0.992144
2137.63488 0.993514
2138.48264 0.993665
2139.33074 0.993708
2140.17918 0.994091
2141.02795 0.994261
2141.87706 0.993663
2142.7265 0.99286
2143.57629 0.992859
2144.42641 0.993493
2145.27686 0.993602
2146.12766 0.99253
2146.97879 0.990995
2147.83026 0.989495
2148.68206 0.987945
2149.53421 0.986423
2150.38669 0.983823
2151.23951 0.977511
2152.09267 0.975647
2152.94617 0.97969
2153.8 0.983168
2154.65418 0.984458
2155.50869 0.986219
2156.36354 0.989065
2157.21873 0.989925
2158.07426 0.988053
2158.93013 0.984895
2159.78634 0.983714
2160.64289 0.981618
2161.49978 0.980505
2162.357 0.974872
2163.21457 0.967498
2164.07248 0.978947
2164.93073 0.988338
2165.78932 0.986942
2166.64824 0.981848
2167.50751 0.978483
2168.36712 0.977369
2169.22708 0.984094
2170.08737 0.989248
2170.948 0.990717
2171.80898 0.985527
2172.67029 0.977898
2173.53195 0.980176
2174.39395 0.982175
2175.25629 0.983596
2176.11897 0.984356
2176.982 0.988759
2177.84537 0.986093
2178.70908 0.976904
2179.57313 0.979371
2180.43753 0.989395
2181.30226 0.992791
2182.16735 0.984001
2183.03277 0.968722
2183.89854 0.963272
2184.76465 0.962737
2185.6311 0.979009
2186.4979 0.987766
2187.36504 0.983343
2188.23253 0.983872
2189.10036 0.988075
2189.96853 0.986751
2190.83705 0.986289
2191.70591 0.991287
2192.57512 0.99374
2193.44467 0.990517
2194.31457 0.982016
2195.18481 0.978895
2196.0554 0.984496
2196.92633 0.984494
2197.79761 0.972053
2198.66923 0.947367
2199.5412 0.925042
2200.41351 0.920232
2201.28617 0.944807
2202.15918 0.955988
2203.03253 0.962348
2203.90623 0.963827
2204.78028 0.958049
2205.65467 0.970609
2206.52941 0.982435
2207.4045 0.987183
2208.27993 0.991257
2209.15571 0.99196
2210.03184 0.988995
2210.90831 0.987533
2211.78513 0.99074
2212.6623 0.992742
2213.53982 0.991684
2214.41769 0.988291
2215.2959 0.979589
2216.17447 0.969658
2217.05338 0.975677
2217.93264 0.985301
2218.81225 0.989093
2219.6922 0.988666
2220.57251 0.981689
2221.45316 0.973235
2222.33417 0.978704
2223.21552 0.986333
2224.09723 0.985865
2224.97928 0.982903
2225.86168 0.979204
2226.74444 0.972396
2227.62754 0.975579
2228.51099 0.983903
2229.3948 0.987458
2230.27895 0.983515
2231.16345 0.971041
2232.04831 0.962312
2232.93352 0.970174
2233.81907 0.97711
2234.70498 0.979321
2235.59124 0.97516
2236.47785 0.969297
2237.36482 0.969987
2238.25213 0.974724
2239.1398 0.977651
2240.02782 0.972889
2240.91619 0.971551
2241.80491 0.971576
2242.69399 0.970445
2243.58342 0.96719
2244.4732 0.969939
2245.36333 0.970055
2246.25382 0.952014
2247.14466 0.945651
2248.03585 0.967349
2248.9274 0.97615
2249.8193 0.969628
2250.71156 0.968196
2251.60416 0.972798
2252.49713 0.967767
2253.39044 0.956199
2254.28411 0.949954
2255.17814 0.954204
2256.07252 0.949052
2256.96725 0.942566
2257.86234 0.95731
2258.75779 0.967714
2259.65358 0.965325
2260.54974 0.945409
2261.44625 0.921763
2262.34311 0.930546
2263.24034 0.949783
2264.13791 0.94629
2265.03585 0.945097
2265.93413 0.967385
2266.83278 0.972006
2267.73178 0.941899
2268.63114 0.916139
2269.53085 0.938675
2270.43093 0.952031
2271.33136 0.952463
2272.23214 0.947322
2273.13328 0.960741
2274.03478 0.965861
2274.93664 0.935688
2275.83886 0.900552
2276.74143 0.920215
2277.64436 0.949606
2278.54765 0.967106
2279.4513 0.971129
2280.35531 0.955284
2281.25967 0.947067
2282.16439 0.937004
2283.06948 0.905304
2283.97492 0.914681
2284.88072 0.943942
2285.78688 0.953505
2286.69339 0.962391
2287.60027 0.968248
2288.50751 0.957194
2289.41511 0.925257
2290.32307 0.910529
2291.23138 0.924746
2292.14006 0.935244
2293.0491 0.946867
2293.9585 0.935502
2294.86826 0.911683
2295.77838 0.910439
2296.68886 0.939647
2297.5997 0.940791
2298.51091 0.910464
2299.42247 0.906085
2300.3344 0.909053
2301.24668 0.932043
2302.15933 0.943289
2303.07235 0.927718
2303.98572 0.909834
2304.89946 0.921682
2305.81355 0.93484
2306.72802 0.934971
2307.64284 0.933523
2308.55803 0.95371
2309.47358 0.969399
2310.38949 0.978845
2311.30576 0.983221
2312.2224 0.981886
2313.13941 0.988495
2314.05677 0.990609
2314.9745 0.967462
2315.8926 0.891738
2316.81106 0.805722
2317.72988 0.809132
2318.64906 0.860629
2319.56862 0.900988
2320.48853 0.926216
2321.40881 0.930266
2322.32946 0.920481
2323.25047 0.935446
2324.17185 0.951062
2325.09359 0.952634
2326.0157 0.957796
2326.93817 0.968356
2327.86101 0.958339
2328.78421 0.93538
2329.70778 0.946601
2330.63172 0.950895
2331.55602 0.940002
2332.48069 0.948224
2333.40573 0.958108
2334.33114 0.946299
2335.25691 0.936782
2336.18304 0.941162
2337.10955 0.947667
2338.03642 0.933887
2338.96366 0.90643
2339.89127 0.872915
2340.81925 0.871381
2341.74759 0.89634
2342.6763 0.922108
2343.60538 0.920227
2344.53483 0.912487
2345.46465 0.903539
2346.39484 0.900017
2347.32539 0.893824
2348.25631 0.884135
2349.18761 0.886086
2350.11927 0.865782
2351.0513 0.849806
2351.9837 0.840175
2352.91648 0.86208
2353.84962 0.895625
2354.78313 0.901321
2355.71701 0.88786
2356.65126 0.906253
2357.58589 0.892138
2358.52088 0.864499
2359.45624 0.926764
2360.39198 0.958834
2361.32809 0.944993
2362.26456 0.955708
2363.20141 0.949627
2364.13863 0.928103
2365.07622 0.9428
2366.01419 0.941356
2366.95252 0.914766
2367.89123 0.888277
2368.83031 0.876722
2369.76977 0.811999
2370.70959 0.693853
2371.64979 0.703958
2372.59036 0.808911
2373.5313 0.896258
2374.47262 0.932944
2375.41431 0.918794
2376.35638 0.87738
2377.29881 0.856586
2378.24162 0.857034
2379.18481 0.896375
2380.12837 0.909519
2381.0723 0.932615
2382.01661 0.920322
2382.96129 0.842937
2383.90635 0.819318
2384.85178 0.861845
2385.79759 0.867825
2386.74377 0.866654
2387.69033 0.869512
2388.63726 0.898037
2389.58457 0.916883
2390.53225 0.876848
2391.48031 0.835095
2392.42875 0.897517
2393.37756 0.933239
2394.32675 0.925857
2395.27631 0.915512
2396.22625 0.880388
2397.17657 0.858916
2398.12726 0.912185
2399.07834 0.936569
2400.02979 0.925275
2400.98161 0.938514
2401.93381 0.947513
2402.8864 0.919423
2403.83936 0.864389
2404.79269 0.864684
2405.74641 0.869653
2406.7005 0.838638
2407.65497 0.849516
2408.60982 0.88423
2409.56505 0.873822
2410.52066 0.894162
2411.47665 0.906848
2412.43301 0.920646
2413.38976 0.89479
2414.34688 0.836181
2415.30439 0.784213
2416.26227 0.730294
2417.22053 0.784884
2418.17918 0.724774
2419.1382 0.674959
2420.09761 0.82887
2421.05739 0.931951
2422.01756 0.933096
2422.9781 0.908254
2423.93903 0.86854
2424.90034 0.887873
2425.86203 0.892777
2426.8241 0.889726
2427.78655 0.933413
2428.74939 0.964671
2429.7126 0.96983
2430.6762 0.972553
2431.64018 0.963527
2432.60454 0.911559
2433.56929 0.821589
2434.53442 0.697999
2435.49993 0.528074
2436.46582 0.578076
2437.4321 0.818634
2438.39876 0.94971
2439.3658 0.974242
2440.33322 0.975593
2441.30103 0.970922
2442.26923 0.944989
2443.23781 0.914661
2444.20677 0.91081
2445.17611 0.80164
2446.14585 0.622181
2447.11596 0.649045
2448.08646 0.778632
2449.05735 0.810557
2450.02862 0.668943
2451.00027 0.601858
2451.97231 0.737637
2452.94474 0.843535
2453.91755 0.794742
2454.89075 0.772718
2455.86433 0.883417
2456.8383 0.953349
2457.81266 0.967004
2458.7874 0.966563
2459.76253 0.96026
2460.73804 0.938392
2461.71394 0.816334
2462.69023 0.681397
2463.66691 0.773413
2464.64397 0.869318
2465.62143 0.918848
2466.59927 0.899977
2467.57749 0.839673
2468.55611 0.874297
2469.53511 0.918259
2470.5145 0.860794
2471.49428 0.63691
2472.47445 0.431184
2473.45501 0.594365
2474.43595 0.814262
2475.41729 0.874777
2476.39901 0.895761
2477.38112 0.863793
2478.36363 0.81055
2479.34652 0.738379
2480.3298 0.624843
2481.31347 0.615905
2482.29754 0.723579
2483.28199 0.65926
2484.26683 0.534232
2485.25207 0.676207
2486.23769 0.71943
2487.22371 0.52706
2488.21011 0.413283
2489.19691 0.559037
2490.1841 0.689246
2491.17168 0.663283
2492.15965 0.572327
2493.14802 0.549572
2494.13677 0.454855
2495.12592 0.419636
2496.11546 0.605659
2497.10539 0.729567
2498.09572 0.74499
2499.08644 0.777005
2500.07755 0.811232
2501.06905 0.791332
2502.06095 0.651958
2503.05324 0.493742
2504.04592 0.539446
2505.039 0.491033
2506.03247 0.427619
2507.02634 0.621465
2508.0206 0.726441
2509.01525 0.631939
2510.0103 0.534776
2511.00575 0.39167
2512.00158 0.432628
2512.99782 0.523996
2513.99444 0.540497
2514.99147 0.311271
2515.98889 0.133891
2516.9867 0.162255
2517.98491 0.300826
2518.98352 0.401187
2519.98252 0.487002
2520.98192 0.586411
2521.98171 0.550406
2522.9819 0.428727
2523.98249 0.295296
2524.98347 0.278238
2525.98486 0.249911
2526.98663 0.223829
2527.98881 0.270216
2528.99138 0.255785
2529.99436 0.148517
2530.99772 0.0926293
2532.00149 0.0623834
2533.00566 0.102712
2534.01022 0.203249
2535.01518 0.165634
2536.02054 0.0902744
2537.0263 0.125599
2538.03246 0.183301
2539.03901 0.227581
2540.04597 0.30875
2541.05332 0.210974
2542.06108 0.0731954
2543.06923 0.0168696
2544.07779 0.00978574
2545.08674 0.0364346
2546.09609 0.0742249
2547.10585 0.0573076
2548.116 0.0325421
2549.12656 0.0471004
2550.13752 0.0507264
2551.14887 0.0268433
2552.16063 0.0188706
2553.17279 0.0453137
2554.18535 0.112443
2555.19832 0.173244
2556.21168 0.219791
2557.22545 0.198279
2558.23961 0.135172
2559.25418 0.0618398
2560.26916 0.0147971
2561.28453 0.00141239
2562.30031 4.21589e-05
2563.31649 2.68482e-05
2564.33308 0.000705829
2565.35006 0.00591045
2566.36745 0.0154011
2567.38525 0.0150658
2568.40345 0.00563654
2569.42205 0.000832161
2570.44105 0.0012391
2571.46046 0.00251371
2572.48028 0.00148602
2573.50049 0.00030862
2574.52112 7.05063e-05
2575.54214 9.67666e-05
2576.56358 0.000201047
2577.58541 0.00126016
2578.60766 0.00312218
2579.63031 0.00286763
2580.65336 0.00103422
2581.67682 0.000133012
2582.70068 1.58305e-05
2583.72496 6.01919e-06
2584.74963 8.91491e-06
2585.77472 1.66528e-05
2586.80021 8.36098e-06
2587.82611 1.8493e-06
2588.85241 1.14894e-05
2589.87912 6.48561e-05
2590.90624 0.000124547
2591.93377 7.80574e-05
2592.9617 1.84649e-05
2593.99004 1.67226e-06
2595.01879 1.04072e-07
2596.04794 2.49289e-06
2597.07751 4.17303e-05
2598.10748 0.000262908
2599.13786 0.000531297
2600.16866 0.000348263
2601.19985 8.72273e-05
2602.23146 8.44544e-06
2603.26348 3.65326e-07
2604.29591 2.19739e-08
2605.32874 1.49114e-09
2606.36199 1.09249e-08
2607.39564 9.1112e-08
2608.42971 3.72092e-07
2609.46418 4.19323e-06
2610.49907 2.86508e-05
2611.53437 5.52179e-05
2612.57007 2.74727e-05
2613.60619 4.30799e-06
2614.64272 1.88854e-06
2615.67966 8.97597e-07
2616.71701 1.15338e-07
2617.75477 4.18652e-09
2618.79294 1.5732e-08
2619.83153 8.16652e-07
2620.87053 1.73597e-05
2621.90994 0.0001407
2622.94976 0.000439504
2623.98999 0.000572268
2625.03064 0.000285666
2626.0717 5.43881e-05
2627.11317 4.32217e-06
2628.15505 3.93893e-07
2629.19735 1.59496e-07
2630.24006 3.24195e-08
2631.28319 4.52379e-08
2632.32673 1.48049e-06
2633.37068 4.96024e-05
2634.41505 0.000582706
2635.45983 0.00322363
2636.50502 0.0104441
2637.55063 0.0179311
2638.59666 0.0174216
2639.6431 0.0132468
2640.68995 0.00545734
2641.73722 0.00139962
2642.7849 0.00197668
2643.833 0.00261629
2644.88152 0.001386
2645.93045 0.000808763
2646.9798 0.00404395
2648.02956 0.0119034
2649.07974 0.0158973
2650.13034 0.0101806
2651.18135 0.00329902
2652.23278 0.000545202
2653.28463 6.13097e-05
2654.3369 4.17388e-05
2655.38958 3.57171e-05
2656.44268 8.08183e-05
2657.49619 0.000147263
2658.55013 0.000105101
2659.60448 3.04867e-05
2660.65925 3.15974e-06
2661.71444 1.19563e-07
2662.77005 1.85493e-08
2663.82607 6.44287e-09
2664.88252 7.98421e-10
2665.93938 3.18569e-11
2666.99667 4.78507e-13
2668.05437 2.99584e-15
2669.11249 0
2670.17103 1.44627e-15
2671.22999 1.3223e-14
2672.28938 1.64771e-13
2673.34918 1.16786e-12
2674.4094 2.30793e-12
2675.47004 1.15226e-12
2676.5311 1.44007e-13
2677.59259 4.23549e-15
2678.65449 -3.09914e-16
2679.71682 -1.03305e-16
2680.77956 1.44627e-15
2681.84273 3.61566e-15
2682.90632 1.75618e-15
2683.97034 7.64455e-15
2685.03477 1.05577e-13
2686.09963 1.24224e-12
2687.1649 2.56767e-11
2688.23061 4.95442e-10
2689.29673 3.43585e-09
2690.36328 6.86902e-09
2691.43024 4.50977e-09
2692.49764 2.25901e-09
2693.56545 8.53514e-10
2694.63369 1.02718e-10
2695.70235 5.20397e-12
2696.77144 7.17606e-12
2697.84095 4.88816e-11
2698.91089 3.41222e-10
2699.98125 7.00112e-10
2701.05203 1.06806e-09
2702.12324 5.89963e-09
2703.19487 1.21986e-08
2704.26693 7.63802e-09
2705.33941 4.56908e-09
2706.41232 5.5562e-09
2707.48566 2.60513e-09
2708.55942 3.26964e-10
2709.6336 5.72037e-10
2710.70821 1.87348e-08
2711.78325 1.89193e-07
2712.85872 1.21347e-06
2713.93461 7.3077e-06
2715.01092 2.12538e-05
2716.08767 2.55583e-05
2717.16484 1.07003e-05
2718.24244 1.27348e-06
2719.32046 3.96138e-08
2720.39892 3.99243e-10
2721.4778 2.97527e-10
2722.55711 1.3505e-09
2723.63685 1.00089e-07
2724.71701 3.43844e-06
2725.7976 3.83352e-05
2726.87863 0.000265484
2727.96008 0.00147474
2729.04196 0.004007
2730.12427 0.00501981
2731.207 0.00303111
2732.29017 0.00114319
2733.37377 0.000596598
2734.4578 0.000236729
2735.54225 4.33711e-05
2736.62714 3.14757e-05
2737.71246 1.62749e-05
2738.7982 2.52231e-06
2739.88438 1.5143e-07
2740.97099 4.29345e-07
2742.05803 5.28312e-06
2743.1455 2.5855e-05
2744.2334 5.34368e-05
2745.32174 0.000107395
2746.4105 0.000185395
2747.4997 0.000109284
2748.58933 2.49255e-05
2749.67939 7.83234e-06
2750.76988 5.01259e-06
2751.86081 1.60117e-06
2752.95217 1.74656e-07
2754.04396 6.27572e-09
2755.13618 1.7803e-10
2756.22884 1.5357e-11
2757.32193 1.05654e-10
2758.41546 3.53823e-10
2759.50942 4.85735e-10
2760.60381 2.6257e-10
2761.69863 5.97193e-11
2762.79389 7.905e-11
2763.88959 5.91712e-10
2764.98572 1.18789e-09
2766.08228 9.23378e-10
2767.17928 9.91481e-09
2768.27671 7.79766e-08
2769.37458 1.55676e-07
2770.47289 7.79251e-08
2771.57163 1.25414e-08
2772.6708 4.85489e-08
2773.77042 3.31416e-07
2774.87046 6.39561e-07
2775.97095 3.17709e-07
2777.07187 4.00661e-08
2778.17322 1.43285e-09
2779.27502 1.14952e-10
