# Obtained using Skycalc tool from ESO webpage
# Water vapour content 2.5 mm
Wave[nm] Transmission[no-units]
800 0.960503
800.114294 0.961451
800.228604 0.953618
800.342931 0.963963
800.457273 0.966267
800.571633 0.964039
800.686008 0.963564
800.8004 0.966154
800.914808 0.95381
801.029233 0.956567
801.143674 0.966366
801.258131 0.964558
801.372605 0.965378
801.487095 0.953974
801.601601 0.959474
801.716124 0.964961
801.830663 0.965208
801.945218 0.96377
802.05979 0.964336
802.174378 0.9664
802.288983 0.960438
802.403604 0.963265
802.518241 0.959225
802.632895 0.960819
802.747565 0.96369
802.862251 0.963355
802.976954 0.962493
803.091673 0.957665
803.206409 0.965265
803.321161 0.964509
803.435929 0.966183
803.550714 0.962185
803.665515 0.960309
803.780332 0.96441
803.895166 0.959412
804.010017 0.965717
804.124883 0.963748
804.239767 0.964435
804.354666 0.965444
804.469582 0.96283
804.584515 0.95887
804.699464 0.962392
804.814429 0.959519
804.929411 0.966309
805.044409 0.966668
805.159423 0.965181
805.274454 0.966607
805.389502 0.966721
805.504566 0.962934
805.619646 0.965041
805.734743 0.965737
805.849856 0.966064
805.964985 0.966887
806.080131 0.965642
806.195294 0.963598
806.310473 0.966598
806.425668 0.964945
806.54088 0.962944
806.656109 0.966748
806.771353 0.964055
806.886615 0.966896
807.001893 0.966353
807.117187 0.966166
807.232497 0.960858
807.347825 0.965432
807.463168 0.966758
807.578528 0.966991
807.693905 0.965854
807.809298 0.963595
807.924708 0.966657
808.040134 0.965387
808.155576 0.96465
808.271035 0.965458
808.386511 0.964984
808.502003 0.965834
808.617511 0.966805
808.733036 0.9563
808.848578 0.965966
808.964136 0.966266
809.079711 0.966051
809.195302 0.966439
809.310909 0.961143
809.426533 0.966122
809.542174 0.966044
809.657831 0.960194
809.773505 0.964788
809.889195 0.960024
810.004902 0.964401
810.120625 0.960884
810.236365 0.966826
810.352121 0.962977
810.467894 0.964905
810.583683 0.963743
810.699489 0.963759
810.815312 0.963857
810.931151 0.964742
811.047006 0.957412
811.162878 0.961623
811.278767 0.961049
811.394672 0.965274
811.510594 0.958412
811.626533 0.945885
811.742487 0.964425
811.858459 0.966056
811.974447 0.965131
812.090452 0.955451
812.206473 0.965818
812.322511 0.95267
812.438565 0.956112
812.554636 0.955457
812.670724 0.964072
812.786828 0.955464
812.902948 0.955738
813.019086 0.966814
813.135239 0.966558
813.25141 0.930509
813.367597 0.954256
813.483801 0.961597
813.600021 0.901792
813.716258 0.921518
813.832511 0.947953
813.948781 0.960999
814.065068 0.962705
814.181371 0.953623
814.297691 0.919601
814.414028 0.917174
814.530381 0.962658
814.646751 0.935599
814.763137 0.965495
814.87954 0.931388
814.99596 0.925177
815.112396 0.917081
815.228849 0.917226
815.345319 0.965634
815.461805 0.919373
815.578308 0.933978
815.694827 0.869575
815.811364 0.963301
815.927916 0.962295
816.044486 0.891013
816.161072 0.965066
816.277675 0.962809
816.394294 0.814732
816.51093 0.890902
816.627583 0.846916
816.744252 0.912469
816.860939 0.963387
816.977641 0.963726
817.094361 0.905204
817.211097 0.815016
817.32785 0.963096
817.444619 0.965088
817.561405 0.960009
817.678208 0.958379
817.795028 0.964106
817.911864 0.819096
818.028717 0.875892
818.145586 0.900816
818.262473 0.961676
818.379376 0.888682
818.496295 0.949766
818.613232 0.963451
818.730185 0.965756
818.847155 0.898458
818.964141 0.961507
819.081144 0.939947
819.198164 0.845289
819.315201 0.964106
819.432254 0.962517
819.549324 0.858855
819.666411 0.964509
819.783515 0.966743
819.900635 0.96184
820.017772 0.836444
820.134926 0.944871
820.252096 0.899583
820.369284 0.961261
820.486488 0.967024
820.603708 0.967236
820.720946 0.960791
820.8382 0.967521
820.955471 0.966926
821.072759 0.967243
821.190063 0.953745
821.307385 0.958477
821.424723 0.934496
821.542077 0.966064
821.659449 0.961071
821.776837 0.966564
821.894242 0.96584
822.011664 0.90798
822.129103 0.965079
822.246558 0.96621
822.36403 0.931249
822.481519 0.965019
822.599025 0.920821
822.716548 0.957213
822.834087 0.932708
822.951643 0.825268
823.069216 0.690418
823.186806 0.905282
823.304412 0.862864
823.422035 0.883857
823.539676 0.961353
823.657333 0.888807
823.775006 0.964084
823.892697 0.958601
824.010404 0.945394
824.128128 0.965861
824.245869 0.946404
824.363627 0.966789
824.481402 0.954646
824.599193 0.874003
824.717002 0.967206
824.834827 0.966256
824.952669 0.967009
825.070527 0.966255
825.188403 0.967837
825.306296 0.967704
825.424205 0.964762
825.542131 0.94097
825.660074 0.967043
825.778034 0.965067
825.896011 0.861251
826.014004 0.961865
826.132015 0.950859
826.250042 0.933531
826.368086 0.966868
826.486147 0.965349
826.604225 0.931611
826.72232 0.965191
826.840431 0.968277
826.95856 0.968115
827.076705 0.967262
827.194868 0.964329
827.313047 0.967716
827.431243 0.919332
827.549456 0.960372
827.667685 0.861155
827.785932 0.963738
827.904196 0.905509
828.022476 0.966925
828.140774 0.910986
828.259088 0.959556
828.377419 0.895128
828.495767 0.934647
828.614132 0.968104
828.732514 0.967808
828.850913 0.967419
828.969328 0.883472
829.087761 0.923111
829.206211 0.924201
829.324677 0.966686
829.443161 0.968713
829.561661 0.964679
829.680178 0.870496
829.798712 0.952732
829.917264 0.968787
830.035832 0.967986
830.154417 0.966755
830.273019 0.908693
830.391638 0.967833
830.510273 0.96768
830.628926 0.932879
830.747596 0.880506
830.866283 0.966865
830.984986 0.966378
831.103707 0.967765
831.222445 0.966063
831.341199 0.962814
831.459971 0.935279
831.578759 0.959249
831.697564 0.968258
831.816387 0.938587
831.935226 0.966585
832.054083 0.905726
832.172956 0.968894
832.291846 0.941954
832.410754 0.86742
832.529678 0.969101
832.648619 0.969348
832.767578 0.968609
832.886553 0.962582
833.005545 0.968758
833.124555 0.959145
833.243581 0.935079
833.362624 0.968663
833.481684 0.957614
833.600762 0.948156
833.719856 0.961589
833.838967 0.958945
833.958096 0.969342
834.077241 0.922654
834.196404 0.956824
834.315583 0.968652
834.434779 0.956597
834.553993 0.969472
834.673223 0.967658
834.792471 0.969417
834.911736 0.967358
835.031017 0.968998
835.150316 0.949902
835.269632 0.96853
835.388964 0.969495
835.508314 0.965358
835.627681 0.955921
835.747065 0.965323
835.866466 0.964196
835.985884 0.947895
836.105319 0.969912
836.224771 0.966237
836.34424 0.969179
836.463727 0.946669
836.58323 0.969605
836.70275 0.969822
836.822288 0.969324
836.941843 0.952794
837.061414 0.969923
837.181003 0.968198
837.300609 0.967722
837.420232 0.96995
837.539872 0.963377
837.659529 0.961448
837.779203 0.968639
837.898894 0.953155
838.018603 0.968366
838.138328 0.96991
838.258071 0.970337
838.37783 0.968503
838.497607 0.96975
838.617401 0.964152
838.737212 0.96297
838.85704 0.966984
838.976886 0.965815
839.096748 0.969347
839.216628 0.969377
839.336524 0.970502
839.456438 0.97053
839.576369 0.966566
839.696317 0.965823
839.816282 0.969899
839.936265 0.965332
840.056264 0.969684
840.176281 0.968695
840.296314 0.968287
840.416365 0.970516
840.536433 0.969619
840.656519 0.968834
840.776621 0.962844
840.89674 0.970539
841.016877 0.968125
841.137031 0.959997
841.257202 0.969266
841.37739 0.969587
841.497596 0.970614
841.617818 0.969899
841.738058 0.963856
841.858315 0.969871
841.978589 0.968499
842.09888 0.964749
842.219188 0.970518
842.339514 0.970421
842.459857 0.970487
842.580217 0.970595
842.700594 0.970707
842.820988 0.970441
842.9414 0.970092
843.061829 0.969064
843.182275 0.969215
843.302738 0.966113
843.423218 0.9704
843.543716 0.970524
843.664231 0.969536
843.784763 0.970285
843.905312 0.964724
844.025879 0.968259
844.146463 0.970825
844.267064 0.969101
844.387682 0.970727
844.508317 0.968089
844.62897 0.970804
844.74964 0.969374
844.870327 0.969943
844.991031 0.970697
845.111753 0.970828
845.232492 0.970209
845.353248 0.970246
845.474021 0.969807
845.594812 0.970892
845.71562 0.970921
845.836445 0.971001
845.957287 0.970503
846.078147 0.971047
846.199024 0.968712
846.319918 0.969038
846.44083 0.970217
846.561758 0.970306
846.682704 0.971085
846.803668 0.97108
846.924648 0.971099
847.045646 0.970937
847.166661 0.97057
847.287694 0.970869
847.408744 0.971074
847.529811 0.970946
847.650895 0.970165
847.771997 0.971105
847.893116 0.97106
848.014252 0.969655
848.135405 0.970528
848.256576 0.968254
848.377764 0.971054
848.49897 0.970494
848.620193 0.971145
848.741433 0.971161
848.86269 0.969995
848.983965 0.96927
849.105257 0.970495
849.226566 0.971176
849.347893 0.970139
849.469237 0.970143
849.590599 0.970163
849.711977 0.97112
849.833374 0.970059
849.954787 0.970634
850.076218 0.971064
850.197666 0.969937
850.319131 0.971153
850.440614 0.970892
850.562114 0.969951
850.683632 0.971183
850.805167 0.968799
850.926719 0.971174
851.048289 0.971215
851.169876 0.970606
851.29148 0.971114
851.413102 0.964303
851.534741 0.969896
851.656398 0.971191
851.778071 0.970416
851.899763 0.970583
852.021471 0.970994
852.143197 0.968482
852.264941 0.969981
852.386702 0.971205
852.50848 0.969994
852.630276 0.971201
852.752089 0.970783
852.873919 0.970063
852.995767 0.971287
853.117632 0.97128
853.239515 0.970337
853.361415 0.970698
853.483332 0.971314
853.605267 0.971255
853.72722 0.969693
853.849189 0.969921
853.971176 0.971063
854.093181 0.97128
854.215203 0.970014
854.337243 0.967764
854.459299 0.971398
854.581374 0.971377
854.703466 0.971404
854.825575 0.97018
854.947701 0.971069
855.069845 0.971423
855.192007 0.971232
855.314186 0.971188
855.436383 0.971377
855.558596 0.969954
855.680828 0.970514
855.803077 0.970707
855.925343 0.971244
856.047627 0.971189
856.169928 0.971555
856.292247 0.97152
856.414583 0.971116
856.536937 0.971342
856.659308 0.971651
856.781696 0.971676
856.904103 0.971623
857.026526 0.971656
857.148967 0.970968
857.271426 0.971244
857.393902 0.970629
857.516396 0.970556
857.638907 0.971446
857.761435 0.971413
857.883981 0.971588
858.006545 0.971764
858.129126 0.971815
858.251725 0.971794
858.374341 0.971375
858.496975 0.971733
858.619626 0.971838
858.742294 0.971892
858.864981 0.971762
858.987684 0.971757
859.110406 0.971924
859.233145 0.971301
859.355901 0.971112
859.478675 0.971746
859.601466 0.972016
859.724275 0.971871
859.847102 0.97205
859.969946 0.972001
860.092807 0.972091
860.215687 0.972102
860.338583 0.971923
860.461498 0.972095
860.58443 0.972159
860.707379 0.97217
860.830346 0.971874
860.95333 0.972191
861.076333 0.972029
861.199352 0.972067
861.32239 0.971894
861.445444 0.972248
861.568517 0.972243
861.691607 0.972262
861.814714 0.972245
861.93784 0.97226
862.060982 0.972233
862.184143 0.972207
862.307321 0.972275
862.430516 0.972195
862.553729 0.972289
862.67696 0.972135
862.800209 0.972271
862.923475 0.972217
863.046758 0.972298
863.170059 0.972345
863.293378 0.972431
863.416715 0.972362
863.540069 0.972416
863.66344 0.972559
863.78683 0.972448
863.910237 0.972469
864.033661 0.972566
864.157103 0.972558
864.280563 0.97262
864.404041 0.972652
864.527536 0.972662
864.651048 0.972662
864.774579 0.972611
864.898127 0.972655
865.021693 0.972724
865.145276 0.972714
865.268877 0.972703
865.392496 0.9726
865.516132 0.972777
865.639786 0.972656
865.763458 0.972714
865.887147 0.972759
866.010854 0.972842
866.134579 0.972698
866.258321 0.972697
866.382081 0.972879
866.505859 0.972897
866.629654 0.972763
866.753467 0.972759
866.877298 0.972926
867.001146 0.972918
867.125013 0.972835
867.248896 0.97288
867.372798 0.972933
867.496717 0.973002
867.620654 0.973003
867.744609 0.97289
867.868581 0.972902
867.992571 0.973052
868.116579 0.973064
868.240605 0.973003
868.364648 0.973002
868.488709 0.9731
868.612787 0.973113
868.736884 0.973124
868.860998 0.973089
868.98513 0.973089
869.10928 0.972994
869.233447 0.973038
869.357632 0.973081
869.481835 0.973149
869.606055 0.973154
869.730294 0.973203
869.85455 0.973226
869.978823 0.973222
870.103115 0.973208
870.227424 0.973225
870.351751 0.973246
870.476096 0.973259
870.600459 0.973286
870.724839 0.973273
870.849237 0.973283
870.973653 0.973234
871.098087 0.9733
871.222539 0.97331
871.347008 0.97334
871.471495 0.973343
871.596 0.973376
871.720522 0.97337
871.845063 0.973386
871.969621 0.973401
872.094197 0.97341
872.218791 0.973441
872.343402 0.973433
872.468032 0.97346
872.592679 0.973462
872.717344 0.973476
872.842027 0.973477
872.966727 0.973508
873.091446 0.973514
873.216182 0.973491
873.340936 0.97354
873.465708 0.973544
873.590498 0.973561
873.715305 0.973556
873.840131 0.973363
873.964974 0.973572
874.089835 0.97359
874.214714 0.973604
874.33961 0.97362
874.464525 0.973612
874.589457 0.973562
874.714408 0.973644
874.839376 0.973654
874.964362 0.97367
875.089366 0.973505
875.214387 0.973666
875.339427 0.973699
875.464484 0.973711
875.58956 0.973721
875.714653 0.973723
875.839764 0.973731
875.964893 0.973719
876.09004 0.973458
876.215204 0.973702
876.340387 0.973631
876.465587 0.973784
876.590805 0.97377
876.716042 0.973756
876.841296 0.973815
876.966568 0.973735
877.091858 0.973798
877.217165 0.97363
877.342491 0.973848
877.467835 0.973813
877.593196 0.973847
877.718576 0.973859
877.843973 0.973888
877.969388 0.973897
878.094821 0.973895
878.220272 0.973253
878.345741 0.973798
878.471228 0.973719
878.596733 0.973936
878.722256 0.97377
878.847797 0.973726
878.973355 0.973705
879.098932 0.973974
879.224527 0.973984
879.350139 0.973989
879.475769 0.973679
879.601418 0.974006
879.727084 0.974017
879.852768 0.974026
879.978471 0.974034
880.104191 0.974034
880.229929 0.973261
880.355685 0.974047
880.481459 0.974038
880.607251 0.97284
880.733061 0.973881
880.858889 0.974063
880.984735 0.974101
881.110599 0.974084
881.236481 0.973959
881.362381 0.972732
881.488299 0.973814
881.614235 0.974138
881.740189 0.974148
881.866161 0.974156
881.99215 0.974157
882.118158 0.973166
882.244184 0.972083
882.370228 0.974128
882.49629 0.973675
882.62237 0.974198
882.748468 0.974209
882.874584 0.974217
883.000718 0.974224
883.12687 0.97423
883.25304 0.974019
883.379228 0.972517
883.505434 0.974237
883.631658 0.974255
883.7579 0.973162
883.88416 0.973743
884.010438 0.974197
884.136734 0.973619
884.263049 0.974273
884.389381 0.974304
884.515731 0.974311
884.6421 0.974317
884.768486 0.974239
884.894891 0.973468
885.021313 0.974193
885.147754 0.974344
885.274213 0.974196
885.40069 0.974165
885.527184 0.972803
885.653697 0.974366
885.780228 0.974371
885.906777 0.973564
886.033345 0.969473
886.15993 0.970308
886.286533 0.974386
886.413154 0.974416
886.539794 0.974425
886.666452 0.97442
886.793127 0.973806
886.919821 0.971356
887.046533 0.974417
887.173263 0.973436
887.300011 0.974434
887.426777 0.973994
887.553562 0.974417
887.680364 0.974492
887.807184 0.974499
887.934023 0.974339
888.06088 0.973803
888.187755 0.965218
888.314648 0.974404
888.441559 0.972392
888.568488 0.974513
888.695436 0.974553
888.822401 0.974557
888.949385 0.97439
889.076387 0.974491
889.203407 0.974467
889.330445 0.974592
889.457501 0.974596
889.584576 0.973982
889.711668 0.973418
889.838779 0.973239
889.965908 0.972628
890.093055 0.97326
890.22022 0.974295
890.347404 0.970932
890.474605 0.974643
890.601825 0.974672
890.729063 0.974679
890.856319 0.974647
890.983593 0.971203
891.110886 0.974651
891.238196 0.974668
891.365525 0.972853
891.492872 0.974707
891.620237 0.974727
891.747621 0.974615
891.875022 0.972633
892.002442 0.96568
892.12988 0.974268
892.257337 0.970906
892.384811 0.974179
892.512304 0.974302
892.639814 0.974717
892.767344 0.974376
892.894891 0.971354
893.022456 0.974424
893.15004 0.954598
893.277642 0.957043
893.405262 0.972074
893.532901 0.972887
893.660557 0.951313
893.788232 0.971402
893.915925 0.97446
894.043637 0.974355
894.171367 0.974468
894.299114 0.952887
894.426881 0.95902
894.554665 0.972108
894.682468 0.970702
894.810289 0.967974
894.938128 0.939156
895.065985 0.958535
895.193861 0.967619
895.321755 0.967849
895.449667 0.928249
895.577598 0.97243
895.705546 0.857699
895.833513 0.970231
895.961499 0.96942
896.089502 0.947616
896.217524 0.974236
896.345565 0.97119
896.473623 0.859886
896.6017 0.908843
896.729795 0.921756
896.857908 0.882523
896.98604 0.972148
897.11419 0.968808
897.242358 0.972357
897.370545 0.809193
897.49875 0.947445
897.626973 0.937657
897.755215 0.916188
897.883475 0.953041
898.011753 0.973849
898.14005 0.972578
898.268364 0.802211
898.396698 0.954713
898.525049 0.973456
898.653419 0.972106
898.781807 0.970265
898.910214 0.837588
899.038639 0.765174
899.167082 0.880884
899.295544 0.840105
899.424024 0.738583
899.552522 0.951378
899.681039 0.971992
899.809574 0.972298
899.938127 0.972792
900.066699 0.971676
900.195289 0.937163
900.323898 0.744624
900.452524 0.969656
900.58117 0.825498
900.709833 0.942504
900.838515 0.968381
900.967216 0.853238
901.095935 0.94056
901.224672 0.967988
901.353427 0.950959
901.482201 0.853211
901.610994 0.96762
901.739805 0.970774
901.868634 0.755256
901.997481 0.879447
902.126347 0.96688
902.255232 0.970611
902.384134 0.969268
902.513056 0.820204
902.641995 0.967419
902.770953 0.879657
902.89993 0.858373
903.028925 0.972318
903.157938 0.948238
903.28697 0.96793
903.41602 0.903307
903.545089 0.973472
903.674176 0.969663
903.803281 0.96923
903.932405 0.974782
904.061548 0.974516
904.190709 0.964159
904.319888 0.956088
904.449086 0.951532
904.578302 0.921286
904.707537 0.974557
904.83679 0.974684
904.966062 0.956108
905.095352 0.966418
905.22466 0.974608
905.353987 0.959858
905.483333 0.925081
905.612697 0.932226
905.742079 0.973309
905.87148 0.974177
906.0009 0.972123
906.130338 0.973121
906.259794 0.905753
906.389269 0.956579
906.518762 0.923914
906.648274 0.923462
906.777805 0.969378
906.907354 0.973397
907.036921 0.96538
907.166507 0.796589
907.296112 0.967269
907.425735 0.793228
907.555376 0.953615
907.685036 0.888307
907.814715 0.972901
907.944412 0.974502
908.074127 0.967838
908.203862 0.810539
908.333614 0.845948
908.463385 0.960622
908.593175 0.972453
908.722983 0.969517
908.85281 0.904146
908.982656 0.787314
909.11252 0.971498
909.242402 0.924344
909.372303 0.971663
909.502223 0.91663
909.632161 0.909426
909.762118 0.927862
909.892093 0.973178
910.022087 0.960052
910.152099 0.918736
910.28213 0.782921
910.41218 0.966408
910.542248 0.974154
910.672335 0.971668
910.80244 0.860424
910.932564 0.879195
911.062707 0.889815
911.192868 0.972406
911.323047 0.969695
911.453246 0.973189
911.583463 0.966836
911.713698 0.971041
911.843952 0.948577
911.974225 0.928122
912.104516 0.745398
912.234826 0.956659
912.365155 0.97029
912.495502 0.974825
912.625868 0.952202
912.756252 0.957558
912.886655 0.970014
913.017077 0.936132
913.147517 0.9124
913.277976 0.768957
913.408454 0.955744
913.53895 0.940152
913.669465 0.910377
913.799999 0.861871
913.930551 0.753994
914.061122 0.969499
914.191711 0.969605
914.322319 0.950854
914.452946 0.968631
914.583592 0.952288
914.714256 0.943747
914.844939 0.964654
914.97564 0.969503
915.10636 0.961786
915.237099 0.932676
915.367856 0.931566
915.498633 0.821359
915.629427 0.906308
915.760241 0.799004
915.891073 0.859687
916.021924 0.970931
916.152794 0.971093
916.283682 0.90189
916.414589 0.965282
916.545515 0.959242
916.676459 0.948024
916.807422 0.975152
916.938404 0.962553
917.069405 0.91161
917.200424 0.951454
917.331462 0.963669
917.462519 0.931769
917.593594 0.888526
917.724688 0.770674
917.855801 0.945307
917.986933 0.894161
918.118083 0.94374
918.249252 0.971357
918.38044 0.947494
918.511647 0.96891
918.642872 0.890866
918.774116 0.901763
918.905379 0.966732
919.036661 0.970841
919.167961 0.97581
919.29928 0.96036
919.430618 0.959929
919.561974 0.93755
919.69335 0.971231
919.824744 0.827281
919.956157 0.972302
920.087589 0.972797
920.219039 0.968361
920.350508 0.973305
920.481996 0.976283
920.613503 0.975107
920.745029 0.961488
920.876573 0.948328
921.008136 0.951068
921.139718 0.955896
921.271319 0.973164
921.402939 0.974751
921.534577 0.94553
921.666234 0.926978
921.79791 0.955785
921.929605 0.906456
922.061319 0.955667
922.193051 0.974463
922.324803 0.973066
922.456573 0.956793
922.588362 0.975847
922.720169 0.924921
922.851996 0.974174
922.983841 0.975263
923.115706 0.962874
923.247589 0.94882
923.379491 0.965943
923.511411 0.953384
923.643351 0.973513
923.775309 0.928427
923.907287 0.970728
924.039283 0.935904
924.171298 0.941781
924.303332 0.957696
924.435385 0.972268
924.567456 0.950238
924.699547 0.929099
924.831656 0.922183
924.963784 0.96834
925.095932 0.974982
925.228098 0.955808
925.360282 0.918504
925.492486 0.969563
925.624709 0.958916
925.75695 0.962163
925.889211 0.971215
926.02149 0.971838
926.153788 0.957081
926.286106 0.918647
926.418442 0.943826
926.550797 0.958822
926.68317 0.973139
926.815563 0.965297
926.947975 0.969394
927.080405 0.972282
927.212855 0.952456
927.345323 0.969081
927.477811 0.954558
927.610317 0.931469
927.742842 0.95188
927.875386 0.958205
928.00795 0.949237
928.140532 0.822421
928.273133 0.879159
928.405753 0.96111
928.538391 0.95415
928.671049 0.927314
928.803726 0.867593
928.936422 0.884143
929.069136 0.933718
929.20187 0.926336
929.334623 0.915835
929.467394 0.946956
929.600185 0.917314
929.732994 0.794844
929.865823 0.956149
929.99867 0.810819
930.131537 0.920529
930.264422 0.807276
930.397326 0.794426
930.53025 0.954167
930.663192 0.770839
930.796154 0.960355
930.929134 0.920615
931.062133 0.701059
931.195152 0.566926
931.328189 0.943985
931.461246 0.886669
931.594321 0.937394
931.727415 0.779973
931.860529 0.48905
931.993661 0.635604
932.126813 0.688364
932.259983 0.905152
932.393173 0.903767
932.526381 0.648553
932.659609 0.736841
932.792855 0.381876
932.926121 0.918761
933.059406 0.676868
933.192709 0.934883
933.326032 0.84657
933.459374 0.805148
933.592735 0.554181
933.726115 0.584924
933.859514 0.730843
933.992932 0.791829
934.126369 0.594374
934.259825 0.725917
934.3933 0.877471
934.526795 0.345751
934.660308 0.29802
934.79384 0.417859
934.927392 0.837941
935.060962 0.924836
935.194552 0.946718
935.328161 0.880557
935.461789 0.917795
935.595436 0.402697
935.729102 0.451383
935.862787 0.892879
935.996491 0.441846
936.130214 0.429518
936.263957 0.904126
936.397718 0.867993
936.531499 0.927865
936.665299 0.867444
936.799118 0.646905
936.932956 0.570717
937.066813 0.906133
937.200689 0.499343
937.334585 0.565141
937.468499 0.574859
937.602433 0.894375
937.736385 0.849166
937.870357 0.90847
938.004348 0.468271
938.138359 0.848704
938.272388 0.688849
938.406436 0.396558
938.540504 0.872205
938.674591 0.907474
938.808697 0.919175
938.942822 0.412318
939.076966 0.853944
939.21113 0.961528
939.345312 0.939558
939.479514 0.868102
939.613735 0.95258
939.747975 0.924499
939.882234 0.915332
940.016513 0.961803
940.15081 0.729338
940.285127 0.854018
940.419463 0.830691
940.553819 0.889378
940.688193 0.864054
940.822587 0.933026
940.957 0.864867
941.091432 0.913013
941.225883 0.723346
941.360353 0.690425
941.494843 0.927072
941.629352 0.86598
941.76388 0.956431
941.898427 0.92371
942.032994 0.605549
942.167579 0.946871
942.302184 0.912164
942.436809 0.72505
942.571452 0.948628
942.706115 0.934619
942.840797 0.843788
942.975498 0.383287
943.110218 0.439471
943.244958 0.804793
943.379717 0.712287
943.514495 0.948164
943.649292 0.954601
943.784109 0.952059
943.918945 0.910284
944.0538 0.448577
944.188675 0.88934
944.323568 0.267331
944.458481 0.712719
944.593414 0.630131
944.728365 0.853931
944.863336 0.77448
944.998326 0.959647
945.133336 0.879335
945.268364 0.816069
945.403412 0.951829
945.53848 0.940853
945.673566 0.572267
945.808672 0.710422
945.943797 0.721265
946.078942 0.939456
946.214105 0.585082
946.349289 0.433219
946.484491 0.881553
946.619713 0.930128
946.754954 0.812769
946.890214 0.930657
947.025494 0.862391
947.160793 0.581011
947.296111 0.852859
947.431449 0.956823
947.566806 0.941701
947.702182 0.681511
947.837578 0.785675
947.972993 0.916538
948.108427 0.943529
948.243881 0.596014
948.379354 0.470161
948.514847 0.680602
948.650358 0.939861
948.78589 0.914352
948.92144 0.875571
949.05701 0.901144
949.192599 0.943837
949.328208 0.9595
949.463836 0.929082
949.599483 0.60923
949.73515 0.536405
949.870836 0.90635
950.006542 0.648212
950.142267 0.859755
950.278011 0.571191
950.413775 0.375659
950.549558 0.922416
950.68536 0.941005
950.821182 0.879321
950.957023 0.958275
951.092884 0.933896
951.228764 0.957975
951.364664 0.910236
951.500583 0.923494
951.636521 0.876028
951.772479 0.920907
951.908456 0.617014
952.044453 0.753623
952.180469 0.71444
952.316504 0.887667
952.452559 0.477717
952.588634 0.837206
952.724727 0.774763
952.860841 0.935465
952.996973 0.855143
953.133125 0.664827
953.269297 0.899997
953.405488 0.886142
953.541699 0.932476
953.677929 0.941592
953.814178 0.701881
953.950447 0.888992
954.086735 0.868388
954.223043 0.960161
954.35937 0.784466
954.495717 0.947217
954.632084 0.477869
954.768469 0.815092
954.904875 0.841924
955.041299 0.949387
955.177743 0.87324
955.314207 0.906773
955.45069 0.956277
955.587193 0.643367
955.723715 0.76719
955.860257 0.857473
955.996818 0.635918
956.133399 0.881334
956.269999 0.966565
956.406619 0.962522
956.543258 0.783405
956.679917 0.798214
956.816595 0.743461
956.953293 0.646088
957.090011 0.871551
957.226747 0.881666
957.363504 0.78282
957.50028 0.944986
957.637075 0.969457
957.77389 0.948911
957.910725 0.916133
958.047579 0.960611
958.184453 0.838209
958.321346 0.617978
958.458259 0.81398
958.595191 0.957875
958.732143 0.957941
958.869115 0.913298
959.006106 0.887191
959.143117 0.652323
959.280147 0.795045
959.417197 0.758542
959.554266 0.802164
959.691355 0.807263
959.828464 0.949174
959.965592 0.883335
960.10274 0.792497
960.239907 0.931546
960.377094 0.924951
960.5143 0.970248
960.651526 0.904841
960.788772 0.71342
960.926038 0.873036
961.063322 0.884385
961.200627 0.901394
961.337951 0.890639
961.475295 0.969105
961.612658 0.934239
961.750042 0.778183
961.887444 0.951578
962.024867 0.869874
962.162308 0.942573
962.29977 0.841277
962.437251 0.773739
962.574752 0.827085
962.712273 0.90905
962.849813 0.746302
962.987373 0.952341
963.124952 0.90422
963.262551 0.956427
963.40017 0.972555
963.537808 0.971269
963.675466 0.962128
963.813144 0.882298
963.950842 0.696202
964.088559 0.862737
964.226295 0.925427
964.364052 0.885037
964.501828 0.965702
964.639624 0.948549
964.777439 0.687994
964.915275 0.846885
965.053129 0.954475
965.191004 0.929772
965.328898 0.958741
965.466812 0.934348
965.604746 0.918038
965.742699 0.919628
965.880672 0.948661
966.018665 0.914435
966.156678 0.968402
966.29471 0.867174
966.432762 0.810811
966.570834 0.857727
966.708925 0.867
966.847036 0.961474
966.985167 0.911689
967.123318 0.96274
967.261488 0.825585
967.399678 0.925086
967.537888 0.976317
967.676118 0.977201
967.814367 0.975302
967.952636 0.975973
968.090925 0.976468
968.229233 0.902164
968.367562 0.838618
968.50591 0.951612
968.644278 0.970375
968.782665 0.97348
968.921073 0.956076
969.0595 0.969148
969.197947 0.968258
969.336414 0.971536
969.4749 0.929536
969.613406 0.97435
969.751932 0.958129
969.890478 0.976615
970.029044 0.959851
970.16763 0.959788
970.306235 0.946929
970.44486 0.847811
970.583505 0.97717
970.722169 0.976215
970.860854 0.970643
970.999558 0.977889
971.138282 0.923971
971.277026 0.975488
971.41579 0.974541
971.554574 0.972306
971.693377 0.968174
971.8322 0.833903
971.971044 0.973273
972.109906 0.977483
972.248789 0.974292
972.387692 0.975356
972.526614 0.907786
972.665557 0.910833
972.804519 0.960757
972.943501 0.965026
973.082503 0.958508
973.221524 0.97409
973.360566 0.926424
973.499627 0.977413
973.638709 0.974466
973.77781 0.867436
973.916931 0.837966
974.056072 0.92895
974.195233 0.970796
974.334413 0.975612
974.473614 0.966769
974.612834 0.793763
974.752075 0.96534
974.891335 0.974981
975.030615 0.971687
975.169915 0.818714
975.309235 0.96918
975.448575 0.977134
975.587935 0.893922
975.727314 0.942424
975.866714 0.951089
976.006133 0.818464
976.145573 0.950081
976.285032 0.977004
976.424511 0.947832
976.56401 0.849424
976.70353 0.96267
976.843069 0.926969
976.982628 0.977964
977.122207 0.955449
977.261805 0.978253
977.401424 0.9784
977.541063 0.976294
977.680722 0.924792
977.8204 0.974359
977.960099 0.942051
978.099817 0.971252
978.239556 0.923447
978.379314 0.974564
978.519093 0.842139
978.658891 0.974638
978.79871 0.975673
978.938548 0.942684
979.078406 0.976335
979.218285 0.968662
979.358183 0.895948
979.498101 0.961639
979.63804 0.871898
979.777998 0.965272
979.917976 0.978651
980.057975 0.975819
980.197993 0.92018
980.338031 0.971697
980.478089 0.883682
980.618168 0.941868
980.758266 0.974948
980.898384 0.977034
981.038523 0.977286
981.178681 0.972635
981.31886 0.976068
981.459058 0.971747
981.599276 0.953998
981.739515 0.978212
981.879773 0.959528
982.020052 0.960334
982.160351 0.977293
982.300669 0.979563
982.441008 0.960968
982.581367 0.975482
982.721745 0.953563
982.862144 0.906251
983.002563 0.9759
983.143002 0.978929
983.283461 0.977541
983.42394 0.939176
983.564439 0.977747
983.704959 0.979563
983.845498 0.971792
983.986057 0.978409
984.126637 0.977588
984.267236 0.974324
984.407856 0.979387
984.548496 0.955637
984.689156 0.96155
984.829836 0.9742
984.970536 0.973497
985.111256 0.942603
985.251996 0.970755
985.392756 0.97445
985.533537 0.976572
985.674337 0.978737
985.815158 0.978612
985.955999 0.973533
986.09686 0.979736
986.237741 0.979732
986.378642 0.977618
986.519563 0.980142
986.660505 0.97959
986.801466 0.97531
986.942448 0.978719
987.08345 0.973975
987.224472 0.9733
987.365514 0.974806
987.506576 0.979427
987.647659 0.958746
987.788761 0.977033
987.929884 0.980093
988.071027 0.974621
988.21219 0.977767
988.353373 0.979625
988.494577 0.980234
988.6358 0.980088
988.777044 0.978342
988.918308 0.979666
989.059592 0.979023
989.200897 0.979495
989.342221 0.979482
989.483566 0.979248
989.624931 0.977391
989.766316 0.978157
989.907721 0.977512
990.049146 0.976688
990.190592 0.96899
990.332058 0.976839
990.473544 0.978708
990.615051 0.980155
990.756577 0.978813
990.898124 0.9801
991.039691 0.977637
991.181278 0.978742
991.322885 0.978433
991.464513 0.979428
991.606161 0.979963
991.747829 0.979149
991.889518 0.979871
992.031226 0.980307
992.172955 0.979157
992.314704 0.977679
992.456474 0.98032
992.598263 0.97922
992.740073 0.980107
992.881903 0.971217
993.023754 0.975926
993.165624 0.978116
993.307515 0.979247
993.449426 0.979798
993.591358 0.980097
993.73331 0.979126
993.875282 0.979767
994.017274 0.980426
994.159287 0.979878
994.30132 0.979629
994.443373 0.978763
994.585446 0.980442
994.72754 0.980402
994.869654 0.980392
995.011788 0.980343
995.153943 0.980483
995.296118 0.979386
995.438313 0.979725
995.580529 0.980202
995.722765 0.980438
995.865021 0.979432
996.007298 0.979065
996.149595 0.980383
996.291912 0.980563
996.43425 0.980148
996.576608 0.980582
996.718986 0.9805
996.861384 0.98022
997.003803 0.978285
997.146243 0.980439
997.288702 0.980278
997.431182 0.980546
997.573683 0.980641
997.716203 0.980426
997.858744 0.98059
998.001306 0.977624
998.143888 0.98049
998.28649 0.980682
998.429112 0.980692
998.571755 0.980654
998.714419 0.978718
998.857102 0.980467
998.999806 0.980428
999.142531 0.979597
999.285276 0.980589
999.428041 0.98068
999.570827 0.976975
999.713633 0.980301
999.856459 0.980735
999.999306 0.98011
1000.14217 0.977979
1000.28506 0.980067
1000.42797 0.980613
1000.5709 0.980783
1000.71385 0.980802
1000.85682 0.980808
1000.99981 0.980813
1001.14282 0.980811
1001.28585 0.979365
1001.4289 0.979322
1001.57197 0.980229
1001.71506 0.980723
1001.85817 0.979197
1002.00131 0.97013
1002.14446 0.97808
1002.28763 0.980803
1002.43083 0.977678
1002.57404 0.977241
1002.71728 0.980718
1002.86053 0.980292
1003.00381 0.980895
1003.1471 0.980906
1003.29042 0.980911
1003.43376 0.980841
1003.57712 0.980849
1003.7205 0.980879
1003.86389 0.980816
1004.00731 0.976018
1004.15075 0.980739
1004.29421 0.980905
1004.43769 0.977773
1004.5812 0.980921
1004.72472 0.980972
1004.86826 0.980905
1005.01182 0.980418
1005.15541 0.980106
1005.29901 0.980989
1005.44263 0.980803
1005.58628 0.977004
1005.72995 0.980903
1005.87363 0.981009
1006.01734 0.981008
1006.16106 0.979637
1006.30481 0.981002
1006.44858 0.980944
1006.59237 0.980845
1006.73618 0.979719
1006.88001 0.981046
1007.02386 0.980788
1007.16773 0.9803
1007.31162 0.980021
1007.45553 0.981068
1007.59946 0.980386
1007.74342 0.980905
1007.88739 0.981034
1008.03139 0.97624
1008.1754 0.980825
1008.31944 0.981077
1008.46349 0.979614
1008.60757 0.981058
1008.75167 0.981109
1008.89578 0.980703
1009.03992 0.976592
1009.18408 0.979653
1009.32826 0.980694
1009.47246 0.975931
1009.61668 0.977018
1009.76092 0.978964
1009.90518 0.981083
1010.04947 0.979405
1010.19377 0.97987
1010.33809 0.979505
1010.48244 0.980887
1010.6268 0.981127
1010.77119 0.98101
1010.91559 0.980153
1011.06002 0.981096
1011.20447 0.980888
1011.34894 0.981186
1011.49342 0.980871
1011.63793 0.98122
1011.78246 0.97978
1011.92701 0.980727
1012.07159 0.981
1012.21618 0.97685
1012.36079 0.981223
1012.50542 0.981261
1012.65008 0.98125
1012.79475 0.980893
1012.93945 0.981266
1013.08416 0.981245
1013.2289 0.979495
1013.37366 0.981276
1013.51844 0.981301
1013.66323 0.981308
1013.80805 0.981313
1013.95289 0.981318
1014.09775 0.981321
1014.24264 0.981277
1014.38754 0.979422
1014.53246 0.980485
1014.67741 0.980833
1014.82237 0.979742
1014.96735 0.981343
1015.11236 0.981357
1015.25739 0.981359
1015.40243 0.981336
1015.5475 0.977854
1015.69259 0.981157
1015.8377 0.981352
1015.98283 0.981376
1016.12798 0.981391
1016.27315 0.981396
1016.41834 0.981401
1016.56356 0.981404
1016.70879 0.981377
1016.85405 0.98005
1016.99932 0.980459
1017.14462 0.981416
1017.28993 0.981417
1017.43527 0.979293
1017.58063 0.981241
1017.72601 0.981437
1017.87141 0.98124
1018.01683 0.981442
1018.16227 0.981458
1018.30773 0.981462
1018.45321 0.981461
1018.59872 0.980768
1018.74424 0.981436
1018.88979 0.981478
1019.03535 0.981482
1019.18094 0.981446
1019.32655 0.976699
1019.47218 0.977872
1019.61783 0.981465
1019.7635 0.981503
1019.90919 0.981511
1020.0549 0.981515
1020.20063 0.981513
1020.34639 0.98058
1020.49216 0.980677
1020.63795 0.981512
1020.78377 0.981535
1020.92961 0.981456
1021.07546 0.981542
1021.22134 0.98119
1021.36724 0.981456
1021.51316 0.981373
1021.6591 0.979607
1021.80506 0.98017
1021.95105 0.981559
1022.09705 0.981575
1022.24307 0.98158
1022.38912 0.981584
1022.53519 0.981588
1022.68127 0.981584
1022.82738 0.981466
1022.97351 0.977901
1023.11966 0.981569
1023.26583 0.981602
1023.41202 0.981579
1023.55823 0.979972
1023.70447 0.981147
1023.85072 0.97657
1023.99699 0.977675
1024.14329 0.981534
1024.28961 0.981629
1024.43594 0.981639
1024.5823 0.981643
1024.72868 0.981646
1024.87508 0.981582
1025.0215 0.981608
1025.16795 0.98163
1025.31441 0.980697
1025.46089 0.981653
1025.6074 0.981654
1025.75392 0.980028
1025.90047 0.981617
1026.04704 0.981674
1026.19363 0.981624
1026.34024 0.980319
1026.48687 0.981676
1026.63352 0.981692
1026.78019 0.981696
1026.92688 0.981699
1027.0736 0.981696
1027.22033 0.981292
1027.36709 0.979925
1027.51387 0.979303
1027.66066 0.980806
1027.80748 0.981703
1027.95432 0.981662
1028.10119 0.981724
1028.24807 0.981728
1028.39497 0.981726
1028.54189 0.980867
1028.68884 0.980417
1028.83581 0.98098
1028.98279 0.981712
1029.1298 0.981712
1029.27683 0.981744
1029.42388 0.981121
1029.57095 0.981737
1029.71804 0.981755
1029.86516 0.981754
1030.01229 0.981044
1030.15945 0.981745
1030.30662 0.981765
1030.45382 0.981769
1030.60104 0.981728
1030.74828 0.981762
1030.89554 0.981444
1031.04282 0.981568
1031.19012 0.981779
1031.33744 0.98177
1031.48479 0.980491
1031.63215 0.981776
1031.77954 0.98171
1031.92695 0.981743
1032.07438 0.981792
1032.22183 0.981794
1032.3693 0.981796
1032.51679 0.981797
1032.6643 0.981799
1032.81184 0.9818
1032.95939 0.981802
1033.10697 0.981803
1033.25456 0.981798
1033.40218 0.980992
1033.54982 0.981803
1033.69748 0.981602
1033.84516 0.981791
1033.99287 0.98181
1034.14059 0.981811
1034.28834 0.981812
1034.4361 0.981812
1034.58389 0.981794
1034.7317 0.981744
1034.87953 0.98181
1035.02738 0.981815
1035.17525 0.981816
1035.32314 0.981816
1035.47105 0.981815
1035.61899 0.981762
1035.76695 0.981784
1035.91492 0.981735
1036.06292 0.981504
1036.21094 0.981789
1036.35898 0.981814
1036.50704 0.981636
1036.65513 0.981601
1036.80323 0.981552
1036.95136 0.98157
1037.0995 0.981483
1037.24767 0.98161
1037.39586 0.981406
1037.54407 0.981537
1037.6923 0.981674
1037.84055 0.9816
1037.98883 0.981746
1038.13712 0.981782
1038.28544 0.981801
1038.43377 0.981752
1038.58213 0.981566
1038.73051 0.981744
1038.87891 0.981708
1039.02733 0.981617
1039.17578 0.981644
1039.32424 0.98176
1039.47273 0.981586
1039.62123 0.981615
1039.76976 0.981725
1039.91831 0.981593
1040.06688 0.98162
1040.21547 0.981764
1040.36409 0.981623
1040.51272 0.98161
1040.66138 0.981712
1040.81005 0.981642
1040.95875 0.981747
1041.10747 0.981648
1041.25621 0.98159
1041.40497 0.981503
1041.55375 0.981725
1041.70256 0.981662
1041.85138 0.981714
1042.00023 0.981667
1042.1491 0.981702
1042.29799 0.981486
1042.4469 0.981686
1042.59583 0.98166
1042.74478 0.981662
1042.89375 0.981641
1043.04275 0.981666
1043.19177 0.981642
1043.34081 0.981603
1043.48986 0.98163
1043.63895 0.981635
1043.78805 0.981616
1043.93717 0.981616
1044.08631 0.981571
1044.23548 0.981592
1044.38467 0.981585
1044.53388 0.98157
1044.68311 0.981562
1044.83236 0.981503
1044.98163 0.981515
1045.13092 0.98152
1045.28024 0.981506
1045.42957 0.981492
1045.57893 0.981341
1045.72831 0.981464
1045.87771 0.981451
1046.02713 0.981436
1046.17658 0.981423
1046.32604 0.981409
1046.47553 0.981395
1046.62503 0.981381
1046.77456 0.981367
1046.92411 0.981353
1047.07368 0.981301
1047.22328 0.98132
1047.37289 0.981248
1047.52253 0.981266
1047.67218 0.981261
1047.82186 0.981247
1047.97156 0.981208
1048.12128 0.981205
1048.27102 0.981183
1048.42079 0.981161
1048.57057 0.981137
1048.72038 0.981112
1048.87021 0.981077
1049.02006 0.980801
1049.16993 0.980097
1049.31982 0.980173
1049.46973 0.980125
1049.61967 0.980397
1049.76962 0.979994
1049.9196 0.980386
1050.0696 0.980438
1050.21962 0.980482
1050.36966 0.980532
1050.51973 0.980562
1050.66981 0.980665
1050.81992 0.980678
1050.97005 0.980538
1051.1202 0.980402
1051.27037 0.980278
1051.42056 0.980423
1051.57077 0.980135
1051.72101 0.979978
1051.87126 0.979857
1052.02154 0.980287
1052.17184 0.979829
1052.32216 0.979922
1052.47251 0.979987
1052.62287 0.979694
1052.77325 0.980052
1052.92366 0.979612
1053.07409 0.979769
1053.22454 0.979692
1053.37501 0.97951
1053.5255 0.979734
1053.67602 0.97941
1053.82655 0.979599
1053.97711 0.979304
1054.12769 0.979448
1054.27829 0.97919
1054.42891 0.979287
1054.57956 0.979037
1054.73022 0.979084
1054.88091 0.978912
1055.03162 0.978933
1055.18235 0.978754
1055.3331 0.978741
1055.48387 0.978603
1055.63466 0.978512
1055.78548 0.97837
1055.93632 0.978246
1056.08718 0.978186
1056.23806 0.978074
1056.38896 0.977997
1056.53988 0.977863
1056.69083 0.977759
1056.84179 0.977648
1056.99278 0.977474
1057.14379 0.977341
1057.29482 0.977276
1057.44588 0.977103
1057.59695 0.977049
1057.74805 0.976922
1057.89916 0.976812
1058.0503 0.976488
1058.20146 0.976575
1058.35265 0.976465
1058.50385 0.976252
1058.65508 0.976245
1058.80632 0.976137
1058.95759 0.97585
1059.10888 0.975686
1059.26019 0.975837
1059.41153 0.975747
1059.56288 0.975674
1059.71426 0.975611
1059.86566 0.975551
1060.01708 0.975479
1060.16852 0.975104
1060.31998 0.975385
1060.47147 0.97527
1060.62298 0.975284
1060.7745 0.975231
1060.92605 0.97518
1061.07763 0.975003
1061.22922 0.974628
1061.38083 0.975031
1061.53247 0.97498
1061.68413 0.974922
1061.83581 0.97487
1061.98751 0.974813
1062.13923 0.974752
1062.29098 0.974088
1062.44275 0.973899
1062.59453 0.974561
1062.74634 0.97375
1062.89818 0.974295
1063.05003 0.973924
1063.2019 0.974191
1063.3538 0.973619
1063.50572 0.973491
1063.65766 0.973669
1063.80962 0.973504
1063.96161 0.97344
1064.11361 0.973762
1064.26564 0.973225
1064.41769 0.973069
1064.56976 0.973611
1064.72185 0.971377
1064.87396 0.972761
1065.0261 0.973053
1065.17826 0.972466
1065.33044 0.972483
1065.48264 0.973293
1065.63486 0.972714
1065.7871 0.973185
1065.93937 0.971834
1066.09166 0.973309
1066.24397 0.97278
1066.3963 0.973293
1066.54865 0.972567
1066.70103 0.973401
1066.85342 0.973308
1067.00584 0.971832
1067.15828 0.973596
1067.31075 0.973935
1067.46323 0.973618
1067.61574 0.971724
1067.76826 0.972005
1067.92081 0.972685
1068.07338 0.972715
1068.22598 0.973474
1068.37859 0.974695
1068.53123 0.974016
1068.68388 0.973943
1068.83656 0.975317
1068.98927 0.975351
1069.14199 0.975358
1069.29474 0.975717
1069.4475 0.971676
1069.60029 0.976283
1069.7531 0.97653
1069.90594 0.975084
1070.05879 0.97685
1070.21167 0.973044
1070.36457 0.977228
1070.51749 0.97745
1070.67043 0.977001
1070.82339 0.977686
1070.97638 0.977581
1071.12938 0.977681
1071.28241 0.978275
1071.43547 0.978081
1071.58854 0.977957
1071.74163 0.97798
1071.89475 0.977076
1072.04789 0.977821
1072.20105 0.979069
1072.35423 0.975749
1072.50744 0.978817
1072.66066 0.976522
1072.81391 0.979645
1072.96718 0.977624
1073.12047 0.979451
1073.27379 0.979631
1073.42712 0.980135
1073.58048 0.980046
1073.73386 0.980357
1073.88726 0.980458
1074.04069 0.980557
1074.19413 0.980017
1074.3476 0.980706
1074.50109 0.980485
1074.6546 0.969153
1074.80813 0.973128
1074.96169 0.97874
1075.11526 0.981156
1075.26886 0.980876
1075.42248 0.981217
1075.57613 0.980909
1075.72979 0.981115
1075.88348 0.981532
1076.03719 0.981605
1076.19092 0.981622
1076.34467 0.980816
1076.49844 0.979618
1076.65224 0.981841
1076.80606 0.981911
1076.9599 0.981953
1077.11376 0.980059
1077.26765 0.981725
1077.42155 0.965947
1077.57548 0.9701
1077.72943 0.982064
1077.8834 0.982176
1078.0374 0.982281
1078.19141 0.9796
1078.34545 0.982181
1078.49951 0.978456
1078.65359 0.982453
1078.8077 0.982522
1078.96183 0.98256
1079.11597 0.982597
1079.27014 0.982558
1079.42434 0.98206
1079.57855 0.980626
1079.73279 0.980814
1079.88705 0.981342
1080.04133 0.982135
1080.19563 0.958557
1080.34995 0.980464
1080.5043 0.982785
1080.65867 0.977129
1080.81306 0.982776
1080.96747 0.979329
1081.12191 0.982818
1081.27637 0.980635
1081.43084 0.965806
1081.58535 0.981942
1081.73987 0.983017
1081.89441 0.97821
1082.04898 0.981558
1082.20357 0.983008
1082.35818 0.983172
1082.51282 0.982177
1082.66747 0.983218
1082.82215 0.98325
1082.97685 0.98327
1083.13157 0.983282
1083.28632 0.983165
1083.44108 0.957955
1083.59587 0.975519
1083.75068 0.973086
1083.90551 0.983263
1084.06037 0.976835
1084.21524 0.983036
1084.37014 0.979377
1084.52506 0.981482
1084.68001 0.976036
1084.83497 0.983223
1084.98996 0.983255
1085.14497 0.983005
1085.3 0.978219
1085.45506 0.980903
1085.61013 0.981512
1085.76523 0.983463
1085.92035 0.981753
1086.07549 0.956492
1086.23066 0.934557
1086.38585 0.963058
1086.54105 0.982912
1086.69629 0.979258
1086.85154 0.983581
1087.00681 0.982306
1087.16211 0.964469
1087.31743 0.982877
1087.47277 0.983628
1087.62814 0.983608
1087.78353 0.976493
1087.93893 0.982495
1088.09437 0.983655
1088.24982 0.983675
1088.40529 0.982728
1088.56079 0.975008
1088.71631 0.983697
1088.87185 0.982753
1089.02742 0.981328
1089.183 0.963921
1089.33861 0.98142
1089.49424 0.965956
1089.6499 0.983126
1089.80557 0.983653
1089.96127 0.983724
1090.11699 0.974633
1090.27273 0.980715
1090.4285 0.937655
1090.58428 0.977185
1090.74009 0.972959
1090.89592 0.983683
1091.05178 0.98385
1091.20765 0.981319
1091.36355 0.983536
1091.51947 0.983842
1091.67541 0.983909
1091.83138 0.98241
1091.98736 0.981874
1092.14337 0.983887
1092.2994 0.983729
1092.45546 0.981171
1092.61154 0.911362
1092.76763 0.932399
1092.92375 0.973872
1093.0799 0.983306
1093.23606 0.983524
1093.39225 0.971341
1093.54846 0.983759
1093.70469 0.982861
1093.86095 0.969308
1094.01722 0.983843
1094.17352 0.982228
1094.32985 0.979035
1094.48619 0.973979
1094.64256 0.975443
1094.79894 0.96774
1094.95536 0.940079
1095.11179 0.981231
1095.26824 0.980667
1095.42472 0.981029
1095.58122 0.983801
1095.73775 0.969973
1095.89429 0.945699
1096.05086 0.953487
1096.20745 0.966663
1096.36406 0.966336
1096.5207 0.977158
1096.67735 0.983787
1096.83403 0.983979
1096.99073 0.984083
1097.14746 0.982939
1097.3042 0.981471
1097.46097 0.983409
1097.61776 0.962205
1097.77458 0.971012
1097.93141 0.935959
1098.08827 0.967629
1098.24515 0.97202
1098.40206 0.9836
1098.55898 0.967911
1098.71593 0.973306
1098.8729 0.955538
1099.0299 0.974381
1099.18691 0.965434
1099.34395 0.97923
1099.50101 0.962231
1099.65809 0.901138
1099.8152 0.96073
1099.97232 0.946204
1100.12947 0.980627
1100.28665 0.971219
1100.44384 0.976208
1100.60106 0.948587
1100.7583 0.972337
1100.91556 0.960075
1101.07285 0.925547
1101.23015 0.969599
1101.38748 0.982746
1101.54484 0.983742
1101.70221 0.969294
1101.85961 0.94314
1102.01703 0.945988
1102.17447 0.936862
1102.33194 0.963856
1102.48942 0.9744
1102.64693 0.919451
1102.80446 0.978626
1102.96202 0.970521
1103.1196 0.916504
1103.2772 0.956103
1103.43482 0.975243
1103.59246 0.953654
1103.75013 0.977927
1103.90782 0.981832
1104.06553 0.973334
1104.22327 0.919361
1104.38103 0.897382
1104.53881 0.942301
1104.69661 0.981941
1104.85443 0.943701
1105.01228 0.973483
1105.17015 0.980933
1105.32804 0.972425
1105.48596 0.941957
1105.6439 0.926293
1105.80186 0.969252
1105.95984 0.959312
1106.11785 0.935948
1106.27587 0.87981
1106.43392 0.948755
1106.592 0.952502
1106.75009 0.904983
1106.90821 0.982561
1107.06635 0.983785
1107.22452 0.9709
1107.3827 0.969131
1107.54091 0.967747
1107.69914 0.950475
1107.8574 0.969798
1108.01567 0.900418
1108.17397 0.917539
1108.3323 0.92823
1108.49064 0.895588
1108.64901 0.971975
1108.8074 0.874628
1108.96581 0.978051
1109.12424 0.952574
1109.2827 0.950681
1109.44118 0.930888
1109.59968 0.966052
1109.75821 0.956738
1109.91676 0.932276
1110.07533 0.974339
1110.23392 0.965337
1110.39254 0.975792
1110.55118 0.741645
1110.70984 0.946601
1110.86852 0.8428
1111.02723 0.973857
1111.18596 0.862655
1111.34471 0.9354
1111.50349 0.686615
1111.66228 0.967659
1111.8211 0.978964
1111.97995 0.979844
1112.13881 0.925039
1112.2977 0.92202
1112.45661 0.941991
1112.61555 0.928498
1112.7745 0.961916
1112.93348 0.793708
1113.09248 0.809309
1113.25151 0.708934
1113.41056 0.849175
1113.56963 0.907319
1113.72872 0.738182
1113.88783 0.755948
1114.04697 0.930137
1114.20613 0.92912
1114.36532 0.946697
1114.52452 0.978051
1114.68375 0.941936
1114.843 0.89151
1115.00228 0.927753
1115.16158 0.299975
1115.3209 0.912133
1115.48024 0.708541
1115.63961 0.919567
1115.79899 0.847896
1115.9584 0.925602
1116.11784 0.922805
1116.2773 0.644587
1116.43678 0.596422
1116.59628 0.381382
1116.7558 0.538893
1116.91535 0.656783
1117.07492 0.890474
1117.23451 0.599613
1117.39413 0.763966
1117.55377 0.556455
1117.71343 0.96232
1117.87312 0.96432
1118.03282 0.87633
1118.19255 0.921577
1118.35231 0.458247
1118.51208 0.852664
1118.67188 0.950541
1118.8317 0.786628
1118.99155 0.411979
1119.15142 0.742165
1119.31131 0.560602
1119.47122 0.529957
1119.63116 0.925914
1119.79111 0.929025
1119.9511 0.633281
1120.1111 0.798817
1120.27113 0.80608
1120.43118 0.318895
1120.59125 0.902829
1120.75135 0.85909
1120.91147 0.934863
1121.07161 0.948765
1121.23177 0.870467
1121.39196 0.349751
1121.55217 0.899147
1121.7124 0.911253
1121.87266 0.643174
1122.03294 0.267507
1122.19324 0.745564
1122.35356 0.452073
1122.51391 0.40517
1122.67428 0.573835
1122.83468 0.333856
1122.99509 0.85754
1123.15553 0.932744
1123.31599 0.943302
1123.47648 0.866331
1123.63699 0.280669
1123.79752 0.196642
1123.95807 0.781831
1124.11865 0.933901
1124.27925 0.934715
1124.43987 0.655247
1124.60052 0.877063
1124.76119 0.917772
1124.92188 0.877288
1125.08259 0.748308
1125.24333 0.817163
1125.40409 0.219529
1125.56487 0.182327
1125.72568 0.335178
1125.88651 0.821774
1126.04736 0.877279
1126.20824 0.403655
1126.36914 0.743394
1126.53006 0.764991
1126.691 0.915231
1126.85197 0.69869
1127.01296 0.946628
1127.17397 0.881383
1127.33501 0.602397
1127.49607 0.584729
1127.65715 0.853377
1127.81826 0.380279
1127.97939 0.555171
1128.14054 0.90557
1128.30171 0.916023
1128.46291 0.536704
1128.62413 0.751069
1128.78537 0.917986
1128.94664 0.491974
1129.10793 0.806947
1129.26924 0.655554
1129.43058 0.881776
1129.59194 0.774131
1129.75332 0.202203
1129.91472 0.749268
1130.07615 0.809642
1130.2376 0.463997
1130.39908 0.87091
1130.56057 0.918062
1130.72209 0.959385
1130.88364 0.834564
1131.0452 0.927433
1131.20679 0.93945
1131.3684 0.94515
1131.53004 0.705579
1131.6917 0.946261
1131.85338 0.956868
1132.01509 0.908314
1132.17681 0.848297
1132.33856 0.917193
1132.50034 0.528495
1132.66214 0.895284
1132.82396 0.918813
1132.9858 0.828385
1133.14767 0.887979
1133.30956 0.526912
1133.47147 0.672781
1133.63341 0.412578
1133.79536 0.660666
1133.95735 0.828821
1134.11935 0.323274
1134.28138 0.654029
1134.44343 0.642306
1134.60551 0.0658392
1134.76761 0.102374
1134.92973 0.140435
1135.09187 0.508955
1135.25404 0.344807
1135.41623 0.788606
1135.57844 0.915927
1135.74068 0.90355
1135.90294 0.781524
1136.06522 0.164701
1136.22753 0.68393
1136.38986 0.887481
1136.55221 0.909603
1136.71459 0.945848
1136.87699 0.894451
1137.03941 0.948591
1137.20186 0.952059
1137.36433 0.929014
1137.52682 0.849845
1137.68933 0.464907
1137.85187 0.944285
1138.01443 0.942637
1138.17702 0.935213
1138.33963 0.91041
1138.50226 0.389338
1138.66491 0.822684
1138.82759 0.905339
1138.99029 0.966416
1139.15302 0.961579
1139.31577 0.964864
1139.47854 0.96585
1139.64133 0.936541
1139.80415 0.840426
1139.96699 0.494315
1140.12985 0.808403
1140.29274 0.94866
1140.45565 0.961505
1140.61859 0.949882
1140.78154 0.770122
1140.94452 0.417713
1141.10753 0.919861
1141.27055 0.944272
1141.4336 0.79391
1141.59668 0.585536
1141.75977 0.951361
1141.9229 0.932812
1142.08604 0.909482
1142.24921 0.59054
1142.4124 0.956189
1142.57561 0.913726
1142.73885 0.939392
1142.90211 0.836123
1143.06539 0.909187
1143.2287 0.962322
1143.39203 0.966246
1143.55538 0.948806
1143.71876 0.616718
1143.88216 0.76108
1144.04558 0.845789
1144.20903 0.787341
1144.3725 0.220569
1144.53599 0.840012
1144.69951 0.934776
1144.86305 0.823441
1145.02661 0.507753
1145.1902 0.922798
1145.35381 0.763915
1145.51744 0.51794
1145.6811 0.919031
1145.84478 0.783748
1146.00848 0.648438
1146.17221 0.931569
1146.33596 0.783294
1146.49973 0.72507
1146.66353 0.322455
1146.82735 0.839935
1146.9912 0.65978
1147.15506 0.739837
1147.31896 0.597914
1147.48287 0.687363
1147.64681 0.460591
1147.81077 0.936598
1147.97475 0.933361
1148.13876 0.955617
1148.30279 0.968884
1148.46685 0.951753
1148.63093 0.84668
1148.79503 0.526712
1148.95915 0.744165
1149.1233 0.947778
1149.28747 0.94946
1149.45167 0.939618
1149.61589 0.563494
1149.78013 0.407724
1149.9444 0.736329
1150.10869 0.689629
1150.273 0.902096
1150.43734 0.912685
1150.6017 0.947122
1150.76608 0.813916
1150.93049 0.738786
1151.09492 0.927454
1151.25937 0.634502
1151.42385 0.840009
1151.58835 0.965225
1151.75287 0.962222
1151.91742 0.859936
1152.08199 0.507277
1152.24659 0.923317
1152.41121 0.943038
1152.57585 0.546224
1152.74051 0.324398
1152.9052 0.923285
1153.06992 0.96551
1153.23465 0.964056
1153.39941 0.925495
1153.56419 0.876388
1153.729 0.740158
1153.89383 0.87773
1154.05868 0.593961
1154.22356 0.875938
1154.38846 0.714349
1154.55339 0.822956
1154.71834 0.963179
1154.88331 0.936845
1155.0483 0.736627
1155.21332 0.967204
1155.37836 0.822792
1155.54343 0.950135
1155.70852 0.61769
1155.87363 0.75784
1156.03877 0.952597
1156.20393 0.954428
1156.36911 0.940241
1156.53432 0.703192
1156.69955 0.955378
1156.8648 0.949559
1157.03008 0.975015
1157.19538 0.828533
1157.36071 0.926524
1157.52606 0.922022
1157.69143 0.934055
1157.85683 0.557074
1158.02225 0.920726
1158.18769 0.975526
1158.35316 0.942445
1158.51865 0.875881
1158.68416 0.974695
1158.8497 0.957433
1159.01526 0.630593
1159.18085 0.943886
1159.34646 0.96468
1159.51209 0.936648
1159.67775 0.80263
1159.84343 0.951045
1160.00913 0.967987
1160.17486 0.881348
1160.34061 0.704602
1160.50639 0.88381
1160.67218 0.932757
1160.83801 0.884332
1161.00385 0.973617
1161.16972 0.951136
1161.33561 0.944929
1161.50153 0.854586
1161.66747 0.932177
1161.83344 0.974591
1161.99942 0.955422
1162.16544 0.957669
1162.33147 0.76511
1162.49753 0.929105
1162.66361 0.968815
1162.82972 0.974408
1162.99585 0.981947
1163.162 0.97236
1163.32818 0.968715
1163.49438 0.969556
1163.66061 0.910296
1163.82686 0.876725
1163.99313 0.978675
1164.15943 0.958675
1164.32575 0.964049
1164.49209 0.972571
1164.65846 0.970428
1164.82485 0.967828
1164.99127 0.910809
1165.15771 0.927657
1165.32417 0.898475
1165.49066 0.97785
1165.65717 0.970357
1165.8237 0.790946
1165.99026 0.946243
1166.15684 0.958707
1166.32345 0.975945
1166.49008 0.955001
1166.65673 0.949928
1166.82341 0.890107
1166.99011 0.962705
1167.15683 0.930872
1167.32358 0.979185
1167.49035 0.978017
1167.65715 0.952842
1167.82397 0.944664
1167.99081 0.963075
1168.15768 0.984837
1168.32457 0.927363
1168.49149 0.927421
1168.65843 0.977997
1168.82539 0.955138
1168.99238 0.981826
1169.15939 0.980881
1169.32642 0.934234
1169.49348 0.931296
1169.66057 0.98479
1169.82767 0.982517
1169.9948 0.976268
1170.16196 0.968185
1170.32913 0.938891
1170.49634 0.950985
1170.66356 0.964646
1170.83081 0.977058
1170.99808 0.916889
1171.16538 0.97241
1171.3327 0.97864
1171.50005 0.981695
1171.66742 0.984257
1171.83481 0.940066
1172.00223 0.980031
1172.16967 0.983741
1172.33713 0.894712
1172.50462 0.982076
1172.67213 0.977687
1172.83967 0.950599
1173.00723 0.968884
1173.17482 0.950429
1173.34242 0.984868
1173.51006 0.974867
1173.67771 0.926838
1173.84539 0.885353
1174.0131 0.87944
1174.18083 0.880033
1174.34858 0.939038
1174.51635 0.985096
1174.68415 0.985164
1174.85198 0.967867
1175.01983 0.981998
1175.1877 0.981846
1175.35559 0.912694
1175.52351 0.920331
1175.69146 0.981051
1175.85943 0.978511
1176.02742 0.986095
1176.19543 0.98593
1176.36347 0.984203
1176.53154 0.984891
1176.69962 0.968722
1176.86774 0.985821
1177.03587 0.984133
1177.20403 0.97719
1177.37222 0.947226
1177.54042 0.884705
1177.70866 0.848665
1177.87691 0.934349
1178.04519 0.984188
1178.2135 0.984048
1178.38183 0.898634
1178.55018 0.981391
1178.71855 0.976354
1178.88695 0.985959
1179.05538 0.985824
1179.22383 0.984262
1179.3923 0.98347
1179.5608 0.859723
1179.72932 0.945002
1179.89786 0.966163
1180.06643 0.976334
1180.23502 0.98548
1180.40364 0.978341
1180.57228 0.984311
1180.74095 0.977496
1180.90964 0.957521
1181.07835 0.982846
1181.24709 0.97033
1181.41585 0.941903
1181.58464 0.969496
1181.75344 0.885069
1181.92228 0.788343
1182.09114 0.927748
1182.26002 0.849685
1182.42893 0.982977
1182.59786 0.956199
1182.76681 0.952869
1182.93579 0.984796
1183.10479 0.977767
1183.27382 0.982708
1183.44287 0.985696
1183.61195 0.97054
1183.78105 0.969756
1183.95017 0.973905
1184.11932 0.983575
1184.28849 0.839834
1184.45769 0.970958
1184.62691 0.976965
1184.79615 0.919062
1184.96542 0.909873
1185.13471 0.932687
1185.30403 0.984485
1185.47337 0.976386
1185.64274 0.982576
1185.81212 0.984004
1185.98154 0.964078
1186.15098 0.98296
1186.32044 0.984978
1186.48993 0.946234
1186.65944 0.984168
1186.82897 0.956292
1186.99853 0.978418
1187.16811 0.974513
1187.33772 0.981803
1187.50735 0.963042
1187.67701 0.818864
1187.84669 0.976317
1188.01639 0.969076
1188.18612 0.84034
1188.35588 0.945437
1188.52565 0.920182
1188.69545 0.982258
1188.86528 0.98148
1189.03513 0.980477
1189.205 0.902874
1189.3749 0.980781
1189.54483 0.984619
1189.71477 0.985638
1189.88474 0.97734
1190.05474 0.982176
1190.22476 0.935416
1190.3948 0.978948
1190.56487 0.977628
1190.73497 0.973994
1190.90508 0.95176
1191.07522 0.955438
1191.24539 0.974706
1191.41558 0.97999
1191.58579 0.98599
1191.75603 0.977107
1191.9263 0.940536
1192.09658 0.982899
1192.26689 0.986117
1192.43723 0.985902
1192.60759 0.977083
1192.77798 0.972083
1192.94838 0.985907
1193.11882 0.984119
1193.28928 0.976678
1193.45976 0.878513
1193.63026 0.965077
1193.8008 0.984695
1193.97135 0.986234
1194.14193 0.983654
1194.31253 0.98575
1194.48316 0.961295
1194.65381 0.975504
1194.82449 0.984933
1194.99519 0.973707
1195.16592 0.946892
1195.33667 0.983821
1195.50744 0.963384
1195.67824 0.95532
1195.84907 0.958088
1196.01991 0.984409
1196.19079 0.982959
1196.36168 0.949819
1196.5326 0.975353
1196.70355 0.985699
1196.87452 0.979374
1197.04551 0.980951
1197.21653 0.979155
1197.38758 0.98242
1197.55864 0.895277
1197.72973 0.973396
1197.90085 0.985901
1198.07199 0.986274
1198.24316 0.983199
1198.41435 0.981093
1198.58556 0.956782
1198.7568 0.89571
1198.92806 0.953323
1199.09935 0.954029
1199.27066 0.930261
1199.442 0.985794
1199.61336 0.983463
1199.78475 0.954358
1199.95616 0.985814
1200.12759 0.952113
1200.29905 0.984184
1200.47053 0.966466
1200.64204 0.98457
1200.81357 0.933989
1200.98513 0.982034
1201.15671 0.980333
1201.32832 0.951639
1201.49995 0.97657
1201.6716 0.983417
1201.84328 0.867413
1202.01499 0.981103
1202.18672 0.986138
1202.35847 0.986119
1202.53025 0.982129
1202.70205 0.960522
1202.87388 0.984502
1203.04573 0.970371
1203.2176 0.984043
1203.38951 0.946152
1203.56143 0.963065
1203.73338 0.799613
1203.90535 0.884566
1204.07735 0.937933
1204.24938 0.960509
1204.42142 0.964563
1204.5935 0.973541
1204.76559 0.974671
1204.93772 0.96981
1205.10986 0.866071
1205.28203 0.982766
1205.45423 0.978046
1205.62645 0.984331
1205.79869 0.986074
1205.97096 0.97802
1206.14326 0.979621
1206.31557 0.984221
1206.48792 0.937517
1206.66029 0.974369
1206.83268 0.984588
1207.00509 0.940392
1207.17754 0.968036
1207.35 0.966668
1207.52249 0.940615
1207.69501 0.985408
1207.86755 0.974023
1208.04011 0.966958
1208.2127 0.918865
1208.38532 0.984729
1208.55796 0.965199
1208.73062 0.982685
1208.90331 0.977071
1209.07602 0.929967
1209.24876 0.939527
1209.42152 0.980456
1209.59431 0.978705
1209.76712 0.985153
1209.93995 0.915239
1210.11282 0.982195
1210.2857 0.980849
1210.45861 0.985031
1210.63155 0.982415
1210.80451 0.985707
1210.97749 0.981458
1211.1505 0.97686
1211.32353 0.888459
1211.49659 0.976536
1211.66968 0.972832
1211.84278 0.973329
1212.01592 0.969333
1212.18907 0.981418
1212.36226 0.934327
1212.53546 0.979934
1212.7087 0.979696
1212.88195 0.98438
1213.05523 0.971885
1213.22854 0.98366
1213.40187 0.985738
1213.57523 0.9861
1213.74861 0.974592
1213.92201 0.968136
1214.09544 0.950873
1214.26889 0.982283
1214.44237 0.961765
1214.61588 0.972108
1214.78941 0.973244
1214.96296 0.945577
1215.13654 0.976219
1215.31014 0.984184
1215.48377 0.95353
1215.65742 0.985583
1215.8311 0.986036
1216.0048 0.986147
1216.17853 0.980642
1216.35228 0.974591
1216.52606 0.983843
1216.69986 0.976789
1216.87369 0.950194
1217.04754 0.980572
1217.22142 0.985889
1217.39532 0.986053
1217.56924 0.986089
1217.7432 0.98491
1217.91717 0.964007
1218.09117 0.966434
1218.2652 0.976052
1218.43925 0.975853
1218.61332 0.972743
1218.78742 0.976991
1218.96155 0.962679
1219.1357 0.959002
1219.30987 0.963361
1219.48407 0.975262
1219.6583 0.978182
1219.83255 0.971853
1220.00682 0.979771
1220.18112 0.983492
1220.35544 0.958533
1220.52979 0.984329
1220.70417 0.983083
1220.87856 0.983795
1221.05299 0.982064
1221.22744 0.985229
1221.40191 0.965369
1221.57641 0.96673
1221.75093 0.948783
1221.92548 0.976749
1222.10005 0.982747
1222.27465 0.979871
1222.44928 0.976895
1222.62392 0.951301
1222.7986 0.976482
1222.97329 0.984199
1223.14802 0.970923
1223.32277 0.984949
1223.49754 0.974441
1223.67234 0.962426
1223.84716 0.968684
1224.02201 0.984836
1224.19688 0.974148
1224.37178 0.978259
1224.5467 0.973218
1224.72165 0.985187
1224.89662 0.981026
1225.07162 0.979073
1225.24664 0.978931
1225.42169 0.968351
1225.59676 0.982026
1225.77186 0.985028
1225.94698 0.98447
1226.12213 0.973112
1226.2973 0.984494
1226.4725 0.983106
1226.64772 0.974963
1226.82297 0.98195
1226.99824 0.951542
1227.17354 0.979463
1227.34886 0.976986
1227.52421 0.978049
1227.69959 0.983513
1227.87498 0.982352
1228.05041 0.981117
1228.22586 0.983941
1228.40133 0.982669
1228.57683 0.984525
1228.75235 0.981897
1228.9279 0.976129
1229.10347 0.984146
1229.27907 0.98435
1229.4547 0.971192
1229.63034 0.979287
1229.80602 0.984236
1229.98172 0.983789
1230.15744 0.976813
1230.33319 0.98244
1230.50897 0.984047
1230.68477 0.984078
1230.86059 0.982599
1231.03644 0.984011
1231.21231 0.981458
1231.38821 0.983583
1231.56414 0.983851
1231.74009 0.980104
1231.91607 0.983352
1232.09207 0.984012
1232.26809 0.983906
1232.44414 0.983887
1232.62022 0.979672
1232.79632 0.977943
1232.97245 0.982965
1233.1486 0.979509
1233.32477 0.97505
1233.50098 0.980968
1233.6772 0.983677
1233.85346 0.983499
1234.02973 0.983431
1234.20604 0.983378
1234.38236 0.983301
1234.55872 0.98267
1234.73509 0.98316
1234.9115 0.982776
1235.08793 0.98212
1235.26438 0.98237
1235.44086 0.982182
1235.61736 0.983105
1235.79389 0.982341
1235.97045 0.983197
1236.14703 0.983212
1236.32363 0.983198
1236.50026 0.983126
1236.67692 0.978081
1236.8536 0.981904
1237.0303 0.982374
1237.20704 0.981775
1237.38379 0.982945
1237.56057 0.982746
1237.73738 0.982603
1237.91421 0.98259
1238.09107 0.981979
1238.26795 0.982575
1238.44486 0.982478
1238.62179 0.981129
1238.79875 0.98244
1238.97574 0.982586
1239.15275 0.98239
1239.32978 0.982483
1239.50684 0.982299
1239.68393 0.982378
1239.86104 0.982189
1240.03817 0.982173
1240.21533 0.982077
1240.39252 0.982004
1240.56973 0.981028
1240.74697 0.979808
1240.92423 0.981524
1241.10152 0.980669
1241.27883 0.981802
1241.45617 0.981775
1241.63353 0.981644
1241.81092 0.981432
1241.98834 0.981579
1242.16577 0.981565
1242.34324 0.981459
1242.52073 0.981216
1242.69825 0.981287
1242.87579 0.981236
1243.05335 0.981204
1243.23094 0.981122
1243.40856 0.981071
1243.5862 0.981021
1243.76387 0.980865
1243.94157 0.980425
1244.11928 0.980877
1244.29703 0.979679
1244.4748 0.980707
1244.65259 0.980663
1244.83041 0.980556
1245.00826 0.980489
1245.18613 0.980368
1245.36403 0.979114
1245.54195 0.980205
1245.71989 0.980121
1245.89787 0.980046
1246.07587 0.979975
1246.25389 0.979771
1246.43194 0.9798
1246.61001 0.978386
1246.78811 0.978182
1246.96624 0.979467
1247.14439 0.979433
1247.32256 0.979315
1247.50077 0.979085
1247.67899 0.979149
1247.85725 0.978996
1248.03552 0.977297
1248.21383 0.973326
1248.39216 0.978642
1248.57051 0.978532
1248.74889 0.97827
1248.9273 0.978293
1249.10573 0.978185
1249.28418 0.978077
1249.46267 0.977885
1249.64117 0.968126
1249.81971 0.977695
1249.99826 0.97752
1250.17685 0.977271
1250.35546 0.97725
1250.53409 0.977066
1250.71275 0.976814
1250.89144 0.976802
1251.07015 0.960075
1251.24889 0.97611
1251.42765 0.976379
1251.60644 0.97618
1251.78525 0.975452
1251.96409 0.975812
1252.14296 0.975632
1252.32185 0.975506
1252.50076 0.975091
1252.6797 0.948447
1252.85867 0.974789
1253.03766 0.974741
1253.21668 0.974532
1253.39573 0.974331
1253.5748 0.97415
1253.75389 0.973596
1253.93301 0.973748
1254.11216 0.961155
1254.29133 0.946428
1254.47053 0.972896
1254.64975 0.972778
1254.829 0.972433
1255.00827 0.972346
1255.18757 0.97205
1255.3669 0.971334
1255.54625 0.971236
1255.72562 0.936358
1255.90503 0.953555
1256.08445 0.970837
1256.26391 0.969918
1256.44339 0.970236
1256.62289 0.969739
1256.80242 0.969684
1256.98198 0.969062
1257.16156 0.968699
1257.34117 0.954873
1257.5208 0.91639
1257.70046 0.967917
1257.88014 0.966406
1258.05985 0.965104
1258.23959 0.966831
1258.41935 0.964249
1258.59914 0.961489
1258.77895 0.965695
1258.95879 0.958992
1259.13865 0.886848
1259.31854 0.959598
1259.49846 0.956655
1259.6784 0.960747
1259.85836 0.946998
1260.03836 0.962438
1260.21838 0.944349
1260.39842 0.937557
1260.57849 0.958503
1260.75859 0.854466
1260.93871 0.957814
1261.11885 0.919636
1261.29903 0.958758
1261.47922 0.91363
1261.65945 0.957699
1261.8397 0.902159
1262.01997 0.956249
1262.20028 0.896061
1262.3806 0.95396
1262.56096 0.807838
1262.74133 0.952616
1262.92174 0.87688
1263.10217 0.953507
1263.28263 0.869711
1263.46311 0.951652
1263.64362 0.857965
1263.82415 0.951979
1264.00471 0.861007
1264.18529 0.909044
1264.3659 0.802077
1264.54654 0.950505
1264.7272 0.948705
1264.90789 0.855117
1265.0886 0.904958
1265.26934 0.878593
1265.45011 0.950743
1265.6309 0.859852
1265.81172 0.94575
1265.99256 0.773289
1266.17343 0.933954
1266.35433 0.949547
1266.53525 0.870473
1266.71619 0.946581
1266.89717 0.833552
1267.07816 0.948111
1267.25919 0.949809
1267.44024 0.903881
1267.62131 0.941166
1267.80242 0.845413
1267.98354 0.95053
1268.1647 0.949304
1268.34588 0.769299
1268.52708 0.764318
1268.70831 0.607926
1268.88957 0.630489
1269.07085 0.775037
1269.25216 0.806116
1269.4335 0.857578
1269.61486 0.862101
1269.79624 0.854747
1269.97766 0.933676
1270.15909 0.91801
1270.34056 0.939306
1270.52205 0.951311
1270.70356 0.870437
1270.88511 0.954877
1271.06667 0.90236
1271.24827 0.95314
1271.42989 0.956725
1271.61153 0.937287
1271.79321 0.894775
1271.9749 0.895852
1272.15663 0.959092
1272.33838 0.9611
1272.52015 0.941788
1272.70195 0.877635
1272.88378 0.960358
1273.06563 0.894115
1273.24751 0.964284
1273.42942 0.965361
1273.61135 0.963474
1273.79331 0.886846
1273.97529 0.964498
1274.1573 0.901478
1274.33934 0.966297
1274.5214 0.934253
1274.70349 0.968189
1274.8856 0.901052
1275.06774 0.966446
1275.2499 0.913721
1275.4321 0.969834
1275.61431 0.97025
1275.79656 0.970463
1275.97883 0.917944
1276.16112 0.970168
1276.34344 0.894918
1276.52579 0.964909
1276.70817 0.972411
1276.89057 0.9726
1277.07299 0.925124
1277.25544 0.972434
1277.43792 0.940443
1277.62043 0.97411
1277.80296 0.974567
1277.98551 0.974932
1278.1681 0.974454
1278.3507 0.913834
1278.53334 0.952713
1278.716 0.975494
1278.89869 0.976341
1279.0814 0.976177
1279.26414 0.969109
1279.4469 0.961589
1279.62969 0.974673
1279.81251 0.963527
1279.99535 0.973143
1280.17822 0.978062
1280.36112 0.9476
1280.54404 0.976952
1280.72699 0.969471
1280.90996 0.966521
1281.09296 0.977208
1281.27599 0.979215
1281.45904 0.979409
1281.64212 0.980041
1281.82523 0.980162
1282.00836 0.97499
1282.19151 0.976784
1282.3747 0.975793
1282.55791 0.960299
1282.74114 0.981039
1282.9244 0.981195
1283.10769 0.978822
1283.29101 0.978939
1283.47435 0.979793
1283.65771 0.981189
1283.84111 0.981931
1284.02453 0.982065
1284.20797 0.978831
1284.39144 0.98222
1284.57494 0.957826
1284.75846 0.981404
1284.94201 0.982421
1285.12559 0.981596
1285.30919 0.983048
1285.49282 0.983149
1285.67648 0.983065
1285.86016 0.982918
1286.04386 0.983389
1286.2276 0.982804
1286.41136 0.982584
1286.59514 0.972766
1286.77896 0.981383
1286.9628 0.983078
1287.14666 0.982448
1287.33055 0.97574
1287.51447 0.984107
1287.69841 0.984342
1287.88238 0.984348
1288.06638 0.981023
1288.2504 0.966788
1288.43445 0.983151
1288.61853 0.982664
1288.80263 0.968276
1288.98676 0.971146
1289.17091 0.981208
1289.35509 0.977912
1289.5393 0.984682
1289.72353 0.984922
1289.90779 0.984732
1290.09207 0.979248
1290.27639 0.980921
1290.46073 0.984412
1290.64509 0.984349
1290.82948 0.984879
1291.0139 0.980834
1291.19834 0.985479
1291.38281 0.984991
1291.56731 0.983108
1291.75183 0.960106
1291.93638 0.982758
1292.12096 0.975189
1292.30556 0.980663
1292.49019 0.984934
1292.67484 0.969926
1292.85952 0.985592
1293.04423 0.982314
1293.22896 0.984197
1293.41372 0.986031
1293.59851 0.986353
1293.78332 0.977731
1293.96816 0.982916
1294.15303 0.979969
1294.33792 0.985928
1294.52284 0.984884
1294.70778 0.983022
1294.89276 0.978348
1295.07775 0.981835
1295.26278 0.985813
1295.44783 0.966207
1295.63291 0.963705
1295.81801 0.970709
1296.00314 0.983146
1296.1883 0.981444
1296.37348 0.980597
1296.55869 0.98032
1296.74392 0.975244
1296.92919 0.973689
1297.11448 0.985854
1297.29979 0.933802
1297.48513 0.956536
1297.6705 0.985582
1297.8559 0.97782
1298.04132 0.980897
1298.22676 0.978122
1298.41224 0.986688
1298.59774 0.985795
1298.78327 0.987317
1298.96882 0.98726
1299.1544 0.986223
1299.34001 0.985306
1299.52564 0.932536
1299.7113 0.957478
1299.89699 0.986635
1300.0827 0.985025
1300.26844 0.986103
1300.4542 0.926819
1300.64 0.955262
1300.82582 0.98346
1301.01166 0.924726
1301.19753 0.976935
1301.38343 0.983085
1301.56936 0.987496
1301.75531 0.985799
1301.94129 0.986471
1302.12729 0.987124
1302.31332 0.957444
1302.49938 0.986993
1302.68547 0.979833
1302.87158 0.930496
1303.05772 0.987261
1303.24388 0.985981
1303.43007 0.904443
1303.61629 0.98107
1303.80253 0.986835
1303.9888 0.93326
1304.1751 0.925654
1304.36143 0.866842
1304.54778 0.947898
1304.73415 0.987181
1304.92056 0.981889
1305.10699 0.987542
1305.29344 0.987433
1305.47993 0.957252
1305.66644 0.970495
1305.85298 0.97832
1306.03954 0.987597
1306.22613 0.987349
1306.41275 0.972356
1306.59939 0.817205
1306.78606 0.956074
1306.97276 0.957795
1307.15948 0.928248
1307.34623 0.977281
1307.53301 0.985596
1307.71981 0.987114
1307.90664 0.984758
1308.0935 0.80375
1308.28038 0.980538
1308.4673 0.98606
1308.65423 0.984304
1308.8412 0.976583
1309.02819 0.972219
1309.2152 0.979869
1309.40225 0.985997
1309.58932 0.884546
1309.77642 0.900139
1309.96354 0.885586
1310.15069 0.982972
1310.33787 0.979151
1310.52507 0.827242
1310.71231 0.942753
1310.89956 0.969019
1311.08685 0.963292
1311.27416 0.985188
1311.4615 0.986761
1311.64886 0.9878
1311.83626 0.987716
1312.02367 0.984511
1312.21112 0.882089
1312.39859 0.955107
1312.58609 0.966982
1312.77362 0.980799
1312.96117 0.864749
1313.14875 0.973819
1313.33635 0.943691
1313.52399 0.971881
1313.71165 0.66056
1313.89933 0.974804
1314.08705 0.965204
1314.27479 0.919987
1314.46255 0.951781
1314.65035 0.960487
1314.83817 0.873673
1315.02601 0.950216
1315.21389 0.974377
1315.40179 0.908553
1315.58972 0.883982
1315.77767 0.958594
1315.96565 0.977163
1316.15366 0.96613
1316.3417 0.983975
1316.52976 0.984432
1316.71785 0.98217
1316.90597 0.7935
1317.09411 0.901936
1317.28228 0.976938
1317.47048 0.98584
1317.6587 0.985146
1317.84695 0.985779
1318.03523 0.975666
1318.22353 0.917734
1318.41186 0.865158
1318.60022 0.941743
1318.7886 0.814345
1318.97702 0.971286
1319.16546 0.980958
1319.35392 0.831049
1319.54241 0.92234
1319.73093 0.984158
1319.91948 0.972947
1320.10805 0.656629
1320.29665 0.901629
1320.48528 0.881628
1320.67393 0.983038
1320.86262 0.981008
1321.05132 0.943505
1321.24006 0.977547
1321.42882 0.7582
1321.61761 0.973404
1321.80643 0.985069
1321.99527 0.980259
1322.18414 0.922409
1322.37304 0.960205
1322.56196 0.907086
1322.75091 0.955618
1322.93989 0.81659
1323.12889 0.826929
1323.31793 0.851328
1323.50698 0.977966
1323.69607 0.969904
1323.88518 0.97655
1324.07432 0.734697
1324.26349 0.874359
1324.45268 0.953375
1324.64191 0.979483
1324.83115 0.986351
1325.02043 0.98093
1325.20973 0.972953
1325.39906 0.889685
1325.58842 0.89274
1325.7778 0.980634
1325.96721 0.928892
1326.15665 0.984227
1326.34611 0.916231
1326.5356 0.953741
1326.72512 0.981752
1326.91467 0.846973
1327.10424 0.815785
1327.29384 0.962529
1327.48347 0.948244
1327.67312 0.980003
1327.8628 0.843114
1328.05251 0.972564
1328.24225 0.915666
1328.43201 0.683904
1328.6218 0.962769
1328.81161 0.670005
1329.00146 0.956635
1329.19133 0.685378
1329.38123 0.9203
1329.57115 0.945367
1329.76111 0.951476
1329.95108 0.928731
1330.14109 0.712215
1330.33112 0.956145
1330.52119 0.969925
1330.71127 0.878144
1330.90139 0.824242
1331.09153 0.89644
1331.2817 0.566984
1331.4719 0.784825
1331.66212 0.876374
1331.85237 0.734946
1332.04265 0.767337
1332.23296 0.966198
1332.42329 0.597721
1332.61365 0.880451
1332.80404 0.915182
1332.99445 0.872069
1333.18489 0.927032
1333.37536 0.951386
1333.56586 0.821938
1333.75638 0.628344
1333.94693 0.783229
1334.13751 0.794971
1334.32811 0.97765
1334.51874 0.963281
1334.7094 0.912346
1334.90009 0.675839
1335.0908 0.959889
1335.28154 0.972488
1335.47231 0.931502
1335.66311 0.968226
1335.85393 0.816883
1336.04478 0.394983
1336.23566 0.918712
1336.42656 0.962881
1336.61749 0.975589
1336.80845 0.970213
1336.99944 0.80393
1337.19045 0.756571
1337.38149 0.841644
1337.57256 0.707241
1337.76366 0.91332
1337.95478 0.630542
1338.14593 0.907504
1338.33711 0.966327
1338.52831 0.972186
1338.71954 0.715732
1338.9108 0.929275
1339.10209 0.957234
1339.2934 0.647044
1339.48474 0.946672
1339.67611 0.973606
1339.86751 0.967924
1340.05893 0.748917
1340.25038 0.584465
1340.44186 0.638194
1340.63337 0.749806
1340.8249 0.95873
1341.01646 0.949129
1341.20805 0.927117
1341.39966 0.717396
1341.5913 0.629274
1341.78297 0.881096
1341.97467 0.967745
1342.16639 0.899124
1342.35815 0.958699
1342.54992 0.965073
1342.74173 0.72169
1342.93356 0.897467
1343.12543 0.892266
1343.31732 0.784004
1343.50923 0.958912
1343.70117 0.924501
1343.89315 0.57039
1344.08514 0.439724
1344.27717 0.673449
1344.46922 0.598665
1344.6613 0.467402
1344.85341 0.632526
1345.04555 0.947458
1345.23771 0.94247
1345.4299 0.690833
1345.62212 0.563567
1345.81437 0.877531
1346.00664 0.636216
1346.19894 0.800742
1346.39127 0.868576
1346.58362 0.255393
1346.776 0.801191
1346.96841 0.871421
1347.16085 0.785185
1347.35332 0.812179
1347.54581 0.567358
1347.73833 0.111813
1347.93088 0.213696
1348.12345 0.449072
1348.31606 0.518224
1348.50869 0.162429
1348.70135 0.758291
1348.89403 0.246888
1349.08674 0.720779
1349.27948 0.503428
1349.47225 0.883414
1349.66505 0.82309
1349.85787 0.555047
1350.05072 0.692296
1350.2436 0.262889
1350.43651 0.112908
1350.62944 0.290782
1350.8224 0.454814
1351.01539 0.575277
1351.2084 0.648352
1351.40145 0.325785
1351.59452 0.358325
1351.78762 0.118691
1351.98074 0.367821
1352.1739 0.768678
1352.36708 0.441621
1352.56029 0.164928
1352.75352 0.567584
1352.94679 0.454269
1353.14008 0.00992234
1353.3334 0.283599
1353.52675 0.548323
1353.72012 0.11927
1353.91352 0.597138
1354.10695 0.272421
1354.30041 0.0306678
1354.4939 0.191704
1354.68741 0.0292227
1354.88095 0.0325906
1355.07452 0.0640084
1355.26812 0.150343
1355.46174 0.39831
1355.65539 0.140016
1355.84907 3.94156e-05
1356.04278 0.127557
1356.23651 0.234165
1356.43027 0.395694
1356.62406 0.4631
1356.81788 0.453715
1357.01172 0.0731089
1357.2056 0.0521082
1357.3995 0.266355
1357.59342 0.163797
1357.78738 0.00647745
1357.98136 0.336972
1358.17538 0.247404
1358.36941 0.0278717
1358.56348 0.145307
1358.75757 0.0984709
1358.9517 0.300035
1359.14585 0.18034
1359.34002 0.0808309
1359.53423 0.00015684
1359.72846 0.00468703
1359.92272 0.148418
1360.11701 0.325283
1360.31133 0.0504843
1360.50567 0.210715
1360.70004 0.0819223
1360.89444 0.00296103
1361.08887 0.00190655
1361.28333 0.0515928
1361.47781 0.0538013
1361.67232 6.22636e-05
1361.86686 0.0089273
1362.06142 0.00075284
1362.25602 0.00131265
1362.45064 2.81472e-05
1362.64529 0.0160023
1362.83997 0.0370175
1363.03467 0.127142
1363.22941 0.465384
1363.42417 0.204316
1363.61896 0.172572
1363.81377 0.312558
1364.00862 0.0813535
1364.20349 0.00885696
1364.39839 0.0504589
1364.59332 0.000672322
1364.78827 5.18028e-05
1364.98326 0.0102889
1365.17827 0.0985791
1365.37331 0.00135215
1365.56838 0.000386028
1365.76347 0.182669
1365.95859 0.382397
1366.15374 0.286675
1366.34892 0.160974
1366.54413 0.424077
1366.73936 0.104908
1366.93463 0.0106278
1367.12992 0.0978507
1367.32524 0.209764
1367.52058 0.00297834
1367.71596 0.00285535
1367.91136 0.000782197
1368.10679 0.032848
1368.30225 0.041738
1368.49773 0.00407986
1368.69324 0.00371402
1368.88879 0.0644698
1369.08436 0.254252
1369.27995 0.0623496
1369.47558 0.324008
1369.67123 0.275467
1369.86691 0.0249124
1370.06262 0.00991004
1370.25836 0.152569
1370.45412 0.154984
1370.64992 0.181309
1370.84574 0.0101839
1371.04159 0.00111902
1371.23747 0.0103263
1371.43337 0.102358
1371.6293 0.148723
1371.82526 0.144915
1372.02125 0.0492309
1372.21727 0.000626668
1372.41332 0.0468838
1372.60939 0.305779
1372.80549 0.232639
1373.00162 0.0520844
1373.19778 0.289938
1373.39396 0.0174365
1373.59017 0.229421
1373.78642 0.440685
1373.98268 0.172782
1374.17898 0.361272
1374.37531 0.140469
1374.57166 0.183731
1374.76804 0.212716
1374.96445 0.000174422
1375.16089 0.28136
1375.35735 0.571817
1375.55385 0.584559
1375.75037 0.280974
1375.94692 0.0496905
1376.1435 0.0956704
1376.3401 0.45971
1376.53674 0.201436
1376.7334 0.303107
1376.93009 0.0126691
1377.12681 0.0126914
1377.32355 0.228637
1377.52033 0.540434
1377.71713 0.664266
1377.91396 0.624797
1378.11082 0.321189
1378.30771 0.344802
1378.50462 0.0372028
1378.70157 0.000101811
1378.89854 0.00136474
1379.09554 0.276313
1379.29257 0.227034
1379.48962 0.513746
1379.68671 0.459129
1379.88382 0.429652
1380.08096 0.0595354
1380.27813 0.0505469
1380.47532 0.00504188
1380.67255 1.08816e-12
1380.8698 0.00109055
1381.06708 0.000768698
1381.26439 0.0734248
1381.46173 0.342606
1381.6591 0.349694
1381.85649 0.0183482
1382.05391 0.0466381
1382.25136 0.0939184
1382.44884 0.000149033
1382.64635 1.56947e-07
1382.84388 2.36934e-08
1383.04145 1.2249e-05
1383.23904 0.116139
1383.43666 0.108201
1383.6343 0.079566
1383.83198 0.0053068
1384.02969 0.0515823
1384.22742 0.314717
1384.42518 0.0997606
1384.62297 0.274564
1384.82079 0.0666137
1385.01863 0.00674909
1385.2165 0.0289202
1385.41441 0.0487854
1385.61234 0.332487
1385.8103 0.0326728
1386.00828 0.122252
1386.2063 0.358005
1386.40434 0.0216592
1386.60241 0.234948
1386.80051 0.371825
1386.99864 0.372802
1387.1968 0.357668
1387.39498 0.512761
1387.5932 0.193285
1387.79144 0.0168113
1387.98971 0.00299018
1388.18801 0.00167163
1388.38634 0.000143266
1388.58469 0.254747
1388.78307 0.532064
1388.98149 0.177309
1389.17993 0.591291
1389.37839 0.624582
1389.57689 0.542255
1389.77542 0.192576
1389.97397 0.0326423
1390.17255 0.536871
1390.37116 0.554327
1390.5698 0.466367
1390.76847 0.149952
1390.96716 0.156126
1391.16589 0.508591
1391.36464 0.66391
1391.56342 0.486812
1391.76223 0.276619
1391.96107 0.24657
1392.15993 0.00779194
1392.35883 6.48203e-05
1392.55775 6.16093e-07
1392.7567 0.0334051
1392.95568 0.216708
1393.15469 0.434053
1393.35372 0.585283
1393.55279 0.241785
1393.75188 0.47369
1393.951 0.156569
1394.15015 0.263235
1394.34933 0.483387
1394.54854 0.171215
1394.74777 0.041632
1394.94704 0.00257238
1395.14633 0.0243048
1395.34565 0.0323753
1395.545 5.6473e-05
1395.74438 0.0122332
1395.94378 0.150164
1396.14322 0.131922
1396.34268 0.000634714
1396.54217 6.30737e-05
1396.74169 0.0751
1396.94124 0.396521
1397.14082 0.168781
1397.34043 0.176213
1397.54006 0.614707
1397.73972 0.659624
1397.93941 0.68628
1398.13913 0.197612
1398.33888 0.466936
1398.53866 0.338547
1398.73847 0.64498
1398.9383 0.539304
1399.13816 0.389181
1399.33805 0.234076
1399.53797 0.000800867
1399.73792 0.13481
1399.9379 0.091488
