# Obtained using Skycalc tool from ESO webpage
# Water vapour content 2.5 mm
Wave[nm] Transmission[no-units]
2100 0.727929
2100.03264 0.96048
2100.06528 0.986735
2100.09791 0.981444
2100.13055 0.978365
2100.16319 0.982235
2100.19583 0.986339
2100.22847 0.986032
2100.26111 0.983055
2100.29375 0.977897
2100.3264 0.965033
2100.35904 0.943587
2100.39168 0.931496
2100.42432 0.936536
2100.45697 0.948379
2100.48961 0.968088
2100.52226 0.980238
2100.5549 0.985932
2100.58755 0.987465
2100.6202 0.986131
2100.65284 0.986269
2100.68549 0.989037
2100.71814 0.991618
2100.75079 0.992646
2100.78344 0.992433
2100.81609 0.991493
2100.84874 0.990684
2100.88139 0.989599
2100.91404 0.987351
2100.94669 0.986622
2100.97934 0.986939
2101.01199 0.986845
2101.04465 0.978502
2101.0773 0.963721
2101.10995 0.96547
2101.14261 0.980631
2101.17526 0.988946
2101.20792 0.989787
2101.24058 0.989452
2101.27323 0.989289
2101.30589 0.986183
2101.33855 0.98268
2101.3712 0.985129
2101.40386 0.988022
2101.43652 0.987474
2101.46918 0.985604
2101.50184 0.984203
2101.5345 0.980646
2101.56716 0.968773
2101.59983 0.945724
2101.63249 0.927895
2101.66515 0.927172
2101.69781 0.90188
2101.73048 0.831456
2101.76314 0.791876
2101.79581 0.850757
2101.82847 0.926552
2101.86114 0.964457
2101.8938 0.978426
2101.92647 0.984085
2101.95914 0.987075
2101.99181 0.988379
2102.02447 0.988246
2102.05714 0.986897
2102.08981 0.985308
2102.12248 0.98552
2102.15515 0.986117
2102.18782 0.988048
2102.22049 0.989519
2102.25317 0.989821
2102.28584 0.990174
2102.31851 0.989398
2102.35118 0.983241
2102.38386 0.969378
2102.41653 0.962844
2102.44921 0.974135
2102.48188 0.984592
2102.51456 0.989116
2102.54724 0.990208
2102.57991 0.98975
2102.61259 0.990966
2102.64527 0.992656
2102.67795 0.99338
2102.71063 0.993407
2102.7433 0.993094
2102.77598 0.99212
2102.80867 0.99014
2102.84135 0.988821
2102.87403 0.990361
2102.90671 0.992202
2102.93939 0.992351
2102.97208 0.990584
2103.00476 0.986029
2103.03744 0.974476
2103.07013 0.964074
2103.10281 0.974798
2103.1355 0.986536
2103.16818 0.989314
2103.20087 0.988773
2103.23356 0.989482
2103.26625 0.991464
2103.29893 0.992521
2103.33162 0.992369
2103.36431 0.991554
2103.397 0.990562
2103.42969 0.990164
2103.46238 0.99084
2103.49507 0.99151
2103.52776 0.990912
2103.56046 0.988811
2103.59315 0.987039
2103.62584 0.987773
2103.65854 0.986906
2103.69123 0.979802
2103.72392 0.97061
2103.75662 0.973551
2103.78932 0.983706
2103.82201 0.989203
2103.85471 0.990449
2103.88741 0.990354
2103.9201 0.989341
2103.9528 0.9878
2103.9855 0.986831
2104.0182 0.988445
2104.0509 0.990088
2104.0836 0.991734
2104.1163 0.992757
2104.149 0.992264
2104.1817 0.991475
2104.21441 0.991938
2104.24711 0.991513
2104.27981 0.989382
2104.31252 0.986838
2104.34522 0.984145
2104.37793 0.978485
2104.41063 0.973551
2104.44334 0.979675
2104.47604 0.987012
2104.50875 0.991014
2104.54146 0.992307
2104.57417 0.991063
2104.60687 0.989318
2104.63958 0.990133
2104.67229 0.990934
2104.705 0.98925
2104.73771 0.986265
2104.77042 0.985457
2104.80313 0.988493
2104.83585 0.990403
2104.86856 0.988819
2104.90127 0.982282
2104.93399 0.972017
2104.9667 0.968727
2104.99941 0.976551
2105.03213 0.983012
2105.06484 0.979973
2105.09756 0.973884
2105.13028 0.978211
2105.16299 0.98613
2105.19571 0.98985
2105.22843 0.989991
2105.26115 0.98809
2105.29387 0.987545
2105.32659 0.990107
2105.35931 0.991333
2105.39203 0.989324
2105.42475 0.983319
2105.45747 0.977031
2105.49019 0.977569
2105.52292 0.981259
2105.55564 0.985668
2105.58836 0.988715
2105.62109 0.987623
2105.65381 0.985605
2105.68654 0.98881
2105.71926 0.991482
2105.75199 0.990644
2105.78472 0.988283
2105.81744 0.985556
2105.85017 0.983629
2105.8829 0.986501
2105.91563 0.988818
2105.94836 0.990531
2105.98109 0.990696
2106.01382 0.986975
2106.04655 0.983808
2106.07928 0.987855
2106.11201 0.991817
2106.14474 0.992731
2106.17748 0.992236
2106.21021 0.988492
2106.24294 0.983326
2106.27568 0.984342
2106.30841 0.987511
2106.34115 0.989576
2106.37388 0.99073
2106.40662 0.98941
2106.43936 0.984126
2106.47209 0.980302
2106.50483 0.983206
2106.53757 0.982279
2106.57031 0.978666
2106.60305 0.981113
2106.63579 0.982869
2106.66853 0.979245
2106.70127 0.979652
2106.73401 0.985714
2106.76675 0.988555
2106.7995 0.986861
2106.83224 0.98574
2106.86498 0.984201
2106.89773 0.980271
2106.93047 0.9832
2106.96322 0.989228
2106.99596 0.992048
2107.02871 0.992582
2107.06145 0.991161
2107.0942 0.98536
2107.12695 0.978547
2107.1597 0.981494
2107.19245 0.988779
2107.22519 0.992167
2107.25794 0.992685
2107.29069 0.992078
2107.32345 0.988927
2107.3562 0.982061
2107.38895 0.979
2107.4217 0.98517
2107.45445 0.988083
2107.48721 0.982489
2107.51996 0.977151
2107.55271 0.98176
2107.58547 0.981671
2107.61822 0.977214
2107.65098 0.983352
2107.68374 0.990221
2107.71649 0.992315
2107.74925 0.99271
2107.78201 0.992126
2107.81477 0.989077
2107.84752 0.981543
2107.88028 0.976685
2107.91304 0.98284
2107.9458 0.989408
2107.97856 0.991956
2108.01133 0.992468
2108.04409 0.991382
2108.07685 0.986503
2108.10961 0.97834
2108.14238 0.97632
2108.17514 0.97792
2108.2079 0.974149
2108.24067 0.976932
2108.27344 0.984777
2108.3062 0.987286
2108.33897 0.983686
2108.37173 0.97733
2108.4045 0.978114
2108.43727 0.986352
2108.47004 0.99154
2108.50281 0.992765
2108.53558 0.992846
2108.56835 0.992122
2108.60112 0.988652
2108.63389 0.980638
2108.66666 0.97642
2108.69943 0.983518
2108.7322 0.98924
2108.76498 0.99117
2108.79775 0.991913
2108.83052 0.991213
2108.8633 0.986369
2108.89607 0.969352
2108.92885 0.952683
2108.96163 0.967059
2108.9944 0.98485
2109.02718 0.990753
2109.05996 0.991817
2109.09274 0.991491
2109.12551 0.99006
2109.15829 0.986406
2109.19107 0.979111
2109.22385 0.97663
2109.25663 0.98506
2109.28942 0.991327
2109.3222 0.992545
2109.35498 0.992513
2109.38776 0.992235
2109.42054 0.991021
2109.45333 0.98504
2109.48611 0.976733
2109.5189 0.978556
2109.55168 0.984715
2109.58447 0.984636
2109.61726 0.973713
2109.65004 0.963518
2109.68283 0.973912
2109.71562 0.982893
2109.74841 0.978169
2109.78119 0.966819
2109.81398 0.958762
2109.84677 0.949383
2109.87956 0.949528
2109.91235 0.965896
2109.94515 0.979937
2109.97794 0.986184
2110.01073 0.987853
2110.04352 0.983722
2110.07632 0.976928
2110.10911 0.978987
2110.1419 0.987068
2110.1747 0.991549
2110.2075 0.992483
2110.24029 0.992348
2110.27309 0.991263
2110.30588 0.986302
2110.33868 0.970204
2110.37148 0.951626
2110.40428 0.958684
2110.43708 0.978598
2110.46988 0.989342
2110.50268 0.992256
2110.53548 0.992822
2110.56828 0.992602
2110.60108 0.991916
2110.63388 0.990399
2110.66669 0.984975
2110.69949 0.978137
2110.73229 0.981025
2110.7651 0.987544
2110.7979 0.991073
2110.83071 0.992685
2110.86351 0.993302
2110.89632 0.993352
2110.92912 0.992821
2110.96193 0.990486
2110.99474 0.983529
2111.02755 0.97451
2111.06036 0.966718
2111.09317 0.959921
2111.12598 0.973276
2111.15879 0.987164
2111.1916 0.991202
2111.22441 0.991656
2111.25722 0.991599
2111.29003 0.990187
2111.32284 0.985011
2111.35566 0.980913
2111.38847 0.985758
2111.42129 0.989954
2111.4541 0.990796
2111.48692 0.991698
2111.51973 0.992262
2111.55255 0.991937
2111.58537 0.990713
2111.61818 0.987913
2111.651 0.981783
2111.68382 0.975669
2111.71664 0.974731
2111.74946 0.964687
2111.78228 0.928955
2111.8151 0.884403
2111.84792 0.889375
2111.88074 0.933976
2111.91356 0.967103
2111.94638 0.97974
2111.97921 0.980993
2112.01203 0.978701
2112.04485 0.981988
2112.07768 0.986901
2112.1105 0.989463
2112.14333 0.990213
2112.17616 0.990538
2112.20898 0.991459
2112.24181 0.992361
2112.27464 0.992372
2112.30747 0.990647
2112.34029 0.986892
2112.37312 0.984922
2112.40595 0.986995
2112.43878 0.986462
2112.47161 0.978074
2112.50444 0.959169
2112.53728 0.938934
2112.57011 0.941782
2112.60294 0.967537
2112.63577 0.984413
2112.66861 0.987437
2112.70144 0.986318
2112.73428 0.987567
2112.76711 0.988076
2112.79995 0.986547
2112.83278 0.987665
2112.86562 0.990074
2112.89846 0.991425
2112.9313 0.992255
2112.96413 0.992598
2112.99697 0.99278
2113.02981 0.991728
2113.06265 0.990319
2113.09549 0.991614
2113.12833 0.993182
2113.16117 0.993343
2113.19402 0.992597
2113.22686 0.990517
2113.2597 0.982286
2113.29255 0.969982
2113.32539 0.971825
2113.35823 0.983983
2113.39108 0.990333
2113.42392 0.991105
2113.45677 0.991785
2113.48962 0.992254
2113.52246 0.991705
2113.55531 0.9914
2113.58816 0.991781
2113.62101 0.992375
2113.65386 0.993526
2113.68671 0.994253
2113.71956 0.994349
2113.75241 0.994273
2113.78526 0.99412
2113.81811 0.993792
2113.85096 0.993477
2113.88381 0.99323
2113.91667 0.993043
2113.94952 0.992621
2113.98237 0.990318
2114.01523 0.981123
2114.04808 0.970107
2114.08094 0.976231
2114.1138 0.986842
2114.14665 0.990774
2114.17951 0.991628
2114.21237 0.992775
2114.24523 0.993537
2114.27809 0.993442
2114.31094 0.99301
2114.3438 0.99282
2114.37666 0.99354
2114.40953 0.99409
2114.44239 0.99419
2114.47525 0.993884
2114.50811 0.992433
2114.54097 0.990693
2114.57384 0.991435
2114.6067 0.992888
2114.63956 0.993152
2114.67243 0.992487
2114.70529 0.991015
2114.73816 0.988402
2114.77103 0.980188
2114.80389 0.971516
2114.83676 0.978331
2114.86963 0.987789
2114.9025 0.989418
2114.93537 0.987972
2114.96824 0.989856
2115.00111 0.99186
2115.03398 0.991933
2115.06685 0.990955
2115.09972 0.989094
2115.13259 0.985492
2115.16546 0.983489
2115.19834 0.987073
2115.23121 0.990844
2115.26408 0.991401
2115.29696 0.988359
2115.32983 0.984999
2115.36271 0.987513
2115.39559 0.99119
2115.42846 0.992658
2115.46134 0.99264
2115.49422 0.991285
2115.5271 0.984975
2115.55997 0.975804
2115.59285 0.976597
2115.62573 0.981921
2115.65861 0.983506
2115.69149 0.981988
2115.72437 0.979317
2115.75726 0.983325
2115.79014 0.989125
2115.82302 0.992011
2115.8559 0.992896
2115.88879 0.993035
2115.92167 0.99283
2115.95456 0.992871
2115.98744 0.992699
2116.02033 0.992264
2116.05321 0.991536
2116.0861 0.988233
2116.11899 0.981565
2116.15188 0.975934
2116.18477 0.971767
2116.21765 0.968955
2116.25054 0.975194
2116.28343 0.981455
2116.31632 0.979113
2116.34921 0.977042
2116.38211 0.984883
2116.415 0.991155
2116.44789 0.992302
2116.48078 0.990541
2116.51368 0.984913
2116.54657 0.98022
2116.57947 0.985029
2116.61236 0.990575
2116.64526 0.992398
2116.67815 0.993067
2116.71105 0.993763
2116.74395 0.994207
2116.77684 0.994351
2116.80974 0.99425
2116.84264 0.993819
2116.87554 0.992928
2116.90844 0.990638
2116.94134 0.984815
2116.97424 0.980538
2117.00714 0.985813
2117.04004 0.990042
2117.07294 0.986619
2117.10585 0.98107
2117.13875 0.984389
2117.17165 0.989991
2117.20456 0.992395
2117.23746 0.992723
2117.27037 0.992536
2117.30327 0.991641
2117.33618 0.988842
2117.36909 0.982736
2117.40199 0.979267
2117.4349 0.986049
2117.46781 0.99197
2117.50072 0.993472
2117.53363 0.993649
2117.56654 0.993572
2117.59945 0.99291
2117.63236 0.991589
2117.66527 0.990971
2117.69818 0.991255
2117.73109 0.990721
2117.76401 0.98785
2117.79692 0.981021
2117.82983 0.975569
2117.86275 0.97797
2117.89566 0.980438
2117.92858 0.986158
2117.9615 0.990247
2117.99441 0.991333
2118.02733 0.991949
2118.06025 0.992166
2118.09316 0.99178
2118.12608 0.991033
2118.159 0.99086
2118.19192 0.989563
2118.22484 0.983391
2118.25776 0.976453
2118.29068 0.980664
2118.3236 0.986608
2118.35653 0.987664
2118.38945 0.98542
2118.42237 0.980772
2118.4553 0.972489
2118.48822 0.951779
2118.52115 0.901151
2118.55407 0.832896
2118.587 0.822386
2118.61992 0.883672
2118.65285 0.933867
2118.68578 0.950078
2118.7187 0.961475
2118.75163 0.976831
2118.78456 0.985884
2118.81749 0.988996
2118.85042 0.990447
2118.88335 0.991394
2118.91628 0.99211
2118.94921 0.992531
2118.98214 0.992668
2119.01508 0.99262
2119.04801 0.992036
2119.08094 0.990359
2119.11388 0.984934
2119.14681 0.977783
2119.17975 0.980568
2119.21268 0.987724
2119.24562 0.991593
2119.27855 0.992531
2119.31149 0.99232
2119.34443 0.992437
2119.37737 0.992683
2119.4103 0.99184
2119.44324 0.989047
2119.47618 0.986935
2119.50912 0.989153
2119.54206 0.989714
2119.575 0.983407
2119.60795 0.975882
2119.64089 0.97992
2119.67383 0.984777
2119.70677 0.981189
2119.73972 0.969327
2119.77266 0.959325
2119.80561 0.965799
2119.83855 0.979273
2119.8715 0.98727
2119.90444 0.990143
2119.93739 0.990674
2119.97034 0.989472
2120.00328 0.985544
2120.03623 0.974338
2120.06918 0.959184
2120.10213 0.961087
2120.13508 0.975901
2120.16803 0.985603
2120.20098 0.98774
2120.23393 0.986003
2120.26688 0.984237
2120.29984 0.983451
2120.33279 0.976981
2120.36574 0.966074
2120.3987 0.965882
2120.43165 0.97756
2120.46461 0.985828
2120.49756 0.984827
2120.53052 0.978773
2120.56347 0.97949
2120.59643 0.987145
2120.62939 0.991734
2120.66235 0.992626
2120.6953 0.992816
2120.72826 0.993355
2120.76122 0.993814
2120.79418 0.993993
2120.82714 0.994142
2120.8601 0.994148
2120.89307 0.993917
2120.92603 0.993359
2120.95899 0.991022
2120.99195 0.983709
2121.02492 0.976649
2121.05788 0.981115
2121.09085 0.987627
2121.12381 0.991527
2121.15678 0.99308
2121.18974 0.993313
2121.22271 0.993455
2121.25568 0.99323
2121.28864 0.991901
2121.32161 0.988434
2121.35458 0.98432
2121.38755 0.984555
2121.42052 0.987668
2121.45349 0.986612
2121.48646 0.980936
2121.51943 0.98059
2121.5524 0.987665
2121.58538 0.992363
2121.61835 0.993475
2121.65132 0.993631
2121.6843 0.993729
2121.71727 0.993807
2121.75025 0.993967
2121.78322 0.994197
2121.8162 0.994087
2121.84917 0.993039
2121.88215 0.991535
2121.91513 0.990799
2121.94811 0.986809
2121.98108 0.980533
2122.01406 0.982811
2122.04704 0.989435
2122.08002 0.992944
2122.113 0.993953
2122.14598 0.994224
2122.17897 0.994409
2122.21195 0.994546
2122.24493 0.994589
2122.27791 0.994588
2122.3109 0.994528
2122.34388 0.994303
2122.37687 0.993703
2122.40985 0.992332
2122.44284 0.987733
2122.47582 0.981546
2122.50881 0.983703
2122.5418 0.990149
2122.57478 0.993426
2122.60777 0.994141
2122.64076 0.994087
2122.67375 0.993434
2122.70674 0.992634
2122.73973 0.993075
2122.77272 0.993864
2122.80571 0.994212
2122.8387 0.994329
2122.8717 0.99422
2122.90469 0.993448
2122.93768 0.990042
2122.97068 0.984006
2123.00367 0.983048
2123.03666 0.988977
2123.06966 0.992954
2123.10266 0.993838
2123.13565 0.994112
2123.16865 0.994347
2123.20165 0.994498
2123.23464 0.9946
2123.26764 0.994687
2123.30064 0.994696
2123.33364 0.994621
2123.36664 0.994437
2123.39964 0.993988
2123.43264 0.992175
2123.46564 0.986582
2123.49865 0.981481
2123.53165 0.985862
2123.56465 0.991362
2123.59766 0.993453
2123.63066 0.994031
2123.66366 0.994223
2123.69667 0.994409
2123.72968 0.994491
2123.76268 0.994358
2123.79569 0.994102
2123.82869 0.993997
2123.8617 0.994042
2123.89471 0.993922
2123.92772 0.993062
2123.96073 0.989724
2123.99374 0.98432
2124.02675 0.983843
2124.05976 0.989036
2124.09277 0.992374
2124.12578 0.99303
2124.15879 0.993016
2124.19181 0.99274
2124.22482 0.992117
2124.25783 0.991036
2124.29085 0.989227
2124.32386 0.985487
2124.35688 0.976604
2124.3899 0.955845
2124.42291 0.924048
2124.45593 0.910783
2124.48895 0.932665
2124.52196 0.956623
2124.55498 0.972295
2124.588 0.981554
2124.62102 0.985032
2124.65404 0.983918
2124.68706 0.975889
2124.72008 0.959684
2124.7531 0.95045
2124.78613 0.963304
2124.81915 0.979565
2124.85217 0.987374
2124.88519 0.990425
2124.91822 0.991922
2124.95124 0.992574
2124.98427 0.992021
2125.01729 0.988463
2125.05032 0.984358
2125.08335 0.987182
2125.11637 0.991662
2125.1494 0.993399
2125.18243 0.993545
2125.21546 0.993334
2125.24849 0.99369
2125.28152 0.99423
2125.31455 0.994476
2125.34758 0.994504
2125.38061 0.99449
2125.41364 0.994486
2125.44667 0.994447
2125.47971 0.994293
2125.51274 0.99354
2125.54577 0.990272
2125.57881 0.98594
2125.61184 0.987409
2125.64488 0.991723
2125.67791 0.993939
2125.71095 0.994499
2125.74399 0.994586
2125.77703 0.994601
2125.81006 0.994737
2125.8431 0.994829
2125.87614 0.994764
2125.90918 0.994487
2125.94222 0.994204
2125.97526 0.994293
2126.0083 0.994295
2126.04134 0.993674
2126.07439 0.991839
2126.10743 0.988379
2126.14047 0.986815
2126.17351 0.990585
2126.20656 0.993662
2126.2396 0.99441
2126.27265 0.994356
2126.30569 0.99413
2126.33874 0.99428
2126.37179 0.994541
2126.40483 0.994708
2126.43788 0.99481
2126.47093 0.994831
2126.50398 0.994788
2126.53703 0.994698
2126.57008 0.994463
2126.60313 0.993523
2126.63618 0.990225
2126.66923 0.986571
2126.70228 0.988729
2126.73533 0.992451
2126.76839 0.994045
2126.80144 0.994402
2126.83449 0.99429
2126.86755 0.993741
2126.9006 0.993134
2126.93366 0.993266
2126.96671 0.993663
2126.99977 0.993695
2127.03283 0.99352
2127.06589 0.99362
2127.09894 0.993911
2127.132 0.993853
2127.16506 0.992869
2127.19812 0.989881
2127.23118 0.987341
2127.26424 0.989827
2127.2973 0.99235
2127.33036 0.992739
2127.36343 0.992295
2127.39649 0.991871
2127.42955 0.991868
2127.46262 0.991587
2127.49568 0.99073
2127.52874 0.989172
2127.56181 0.986129
2127.59487 0.980498
2127.62794 0.973135
2127.66101 0.963746
2127.69408 0.939606
2127.72714 0.883487
2127.76021 0.824041
2127.79328 0.837264
2127.82635 0.904042
2127.85942 0.953032
2127.89249 0.973799
2127.92556 0.982378
2127.95863 0.98656
2127.9917 0.988934
2128.02478 0.990376
2128.05785 0.991273
2128.09092 0.991617
2128.124 0.991839
2128.15707 0.992608
2128.19015 0.993259
2128.22322 0.993465
2128.2563 0.993363
2128.28937 0.992769
2128.32245 0.990714
2128.35553 0.988967
2128.38861 0.99115
2128.42168 0.993436
2128.45476 0.994113
2128.48784 0.99406
2128.52092 0.993705
2128.554 0.993689
2128.58708 0.99413
2128.62017 0.994473
2128.65325 0.994528
2128.68633 0.994476
2128.71941 0.994527
2128.7525 0.994603
2128.78558 0.994516
2128.81867 0.994009
2128.85175 0.993096
2128.88484 0.991551
2128.91792 0.989921
2128.95101 0.991406
2128.9841 0.993541
2129.01719 0.994247
2129.05027 0.994035
2129.08336 0.993831
2129.11645 0.994259
2129.14954 0.994686
2129.18263 0.994812
2129.21572 0.994733
2129.24881 0.994396
2129.28191 0.993966
2129.315 0.994059
2129.34809 0.994427
2129.38119 0.994588
2129.41428 0.994502
2129.44737 0.993722
2129.48047 0.99191
2129.51356 0.990961
2129.54666 0.99235
2129.57976 0.993349
2129.61285 0.993872
2129.64595 0.994489
2129.67905 0.994825
2129.71215 0.994936
2129.74525 0.994988
2129.77835 0.995012
2129.81145 0.995007
2129.84455 0.994968
2129.87765 0.994928
2129.91075 0.99492
2129.94385 0.99489
2129.97696 0.994727
2130.01006 0.994062
2130.04316 0.992254
2130.07627 0.99064
2130.10937 0.991839
2130.14248 0.993783
2130.17558 0.994625
2130.20869 0.994811
2130.2418 0.994823
2130.2749 0.994671
2130.30801 0.994264
2130.34112 0.99397
2130.37423 0.994361
2130.40734 0.994732
2130.44045 0.994793
2130.47356 0.994726
2130.50667 0.994473
2130.53978 0.993708
2130.57289 0.992554
2130.606 0.992066
2130.63912 0.991862
2130.67223 0.991383
2130.70534 0.992568
2130.73846 0.993947
2130.77157 0.994334
2130.80469 0.994013
2130.83781 0.99372
2130.87092 0.994184
2130.90404 0.994488
2130.93716 0.994441
2130.97028 0.99464
2131.00339 0.994808
2131.03651 0.994629
2131.06963 0.994205
2131.10275 0.994091
2131.13587 0.994296
2131.169 0.994353
2131.20212 0.994308
2131.23524 0.993484
2131.26836 0.992423
2131.30149 0.99316
2131.33461 0.99433
2131.36773 0.994805
2131.40086 0.994912
2131.43398 0.994918
2131.46711 0.994929
2131.50024 0.994931
2131.53336 0.99485
2131.56649 0.994568
2131.59962 0.994194
2131.63275 0.994305
2131.66588 0.994689
2131.699 0.994904
2131.73213 0.994932
2131.76527 0.994805
2131.7984 0.994286
2131.83153 0.993141
2131.86466 0.992226
2131.89779 0.992693
2131.93093 0.993679
2131.96406 0.994137
2131.99719 0.994478
2132.03033 0.994787
2132.06346 0.994925
2132.0966 0.994938
2132.12973 0.994874
2132.16287 0.99474
2132.19601 0.994573
2132.22915 0.994458
2132.26228 0.994317
2132.29542 0.994141
2132.32856 0.993794
2132.3617 0.993273
2132.39484 0.993377
2132.42798 0.993769
2132.46112 0.993382
2132.49427 0.992837
2132.52741 0.993491
2132.56055 0.994052
2132.5937 0.994086
2132.62684 0.994386
2132.65998 0.99473
2132.69313 0.994866
2132.72627 0.994856
2132.75942 0.994592
2132.79257 0.993566
2132.82571 0.992098
2132.85886 0.992235
2132.89201 0.993672
2132.92516 0.994582
2132.95831 0.994832
2132.99146 0.994866
2133.02461 0.994751
2133.05776 0.994245
2133.09091 0.993468
2133.12406 0.993341
2133.15721 0.993666
2133.19036 0.993911
2133.22352 0.994339
2133.25667 0.994728
2133.28982 0.994844
2133.32298 0.994635
2133.35613 0.994292
2133.38929 0.994309
2133.42245 0.994533
2133.4556 0.994773
2133.48876 0.994923
2133.52192 0.994978
2133.55508 0.994945
2133.58824 0.994861
2133.6214 0.994766
2133.65456 0.994563
2133.68772 0.994062
2133.72088 0.993481
2133.75404 0.99376
2133.7872 0.994382
2133.82036 0.994761
2133.85353 0.99492
2133.88669 0.994925
2133.91985 0.994839
2133.95302 0.99468
2133.98618 0.99446
2134.01935 0.994531
2134.05251 0.994722
2134.08568 0.994513
2134.11885 0.99393
2134.15201 0.993843
2134.18518 0.994446
2134.21835 0.994854
2134.25152 0.994892
2134.28469 0.994765
2134.31786 0.994382
2134.35103 0.993941
2134.3842 0.994255
2134.41737 0.994759
2134.45055 0.99496
2134.48372 0.995021
2134.51689 0.99505
2134.55007 0.99504
2134.58324 0.99497
2134.61642 0.994893
2134.64959 0.994935
2134.68277 0.995011
2134.71594 0.995021
2134.74912 0.994923
2134.7823 0.99466
2134.81547 0.994455
2134.84865 0.994577
2134.88183 0.994567
2134.91501 0.994404
2134.94819 0.994231
2134.98137 0.993956
2135.01455 0.994202
2135.04773 0.994685
2135.08092 0.994911
2135.1141 0.994953
2135.14728 0.994964
2135.18047 0.994979
2135.21365 0.99498
2135.24683 0.994955
2135.28002 0.994881
2135.31321 0.994751
2135.34639 0.994687
2135.37958 0.994739
2135.41277 0.994769
2135.44595 0.994722
2135.47914 0.994641
2135.51233 0.994539
2135.54552 0.99435
2135.57871 0.993919
2135.6119 0.993119
2135.64509 0.992361
2135.67828 0.992002
2135.71147 0.991246
2135.74467 0.988856
2135.77786 0.983916
2135.81105 0.973716
2135.84425 0.957463
2135.87744 0.951606
2135.91063 0.96656
2135.94383 0.981856
2135.97703 0.988396
2136.01022 0.990073
2136.04342 0.988843
2136.07662 0.98565
2136.10982 0.984454
2136.14301 0.987836
2136.17621 0.991457
2136.20941 0.993157
2136.24261 0.993648
2136.27581 0.993696
2136.30901 0.993942
2136.34222 0.994231
2136.37542 0.994357
2136.40862 0.994347
2136.44182 0.994225
2136.47503 0.994218
2136.50823 0.994544
2136.54144 0.994816
2136.57464 0.994919
2136.60785 0.99496
2136.64105 0.994977
2136.67426 0.994973
2136.70747 0.994918
2136.74068 0.994806
2136.77388 0.994664
2136.80709 0.99423
2136.8403 0.992749
2136.87351 0.991309
2136.90672 0.992597
2136.93993 0.994036
2136.97314 0.994593
2137.00636 0.99482
2137.03957 0.994904
2137.07278 0.994875
2137.106 0.994756
2137.13921 0.994524
2137.17242 0.993484
2137.20564 0.991293
2137.23885 0.990054
2137.27207 0.991151
2137.30529 0.992669
2137.3385 0.992886
2137.37172 0.991451
2137.40494 0.990384
2137.43816 0.990865
2137.47138 0.991549
2137.5046 0.992082
2137.53782 0.993345
2137.57104 0.994251
2137.60426 0.994535
2137.63748 0.994696
2137.6707 0.994707
2137.70393 0.99461
2137.73715 0.994558
2137.77037 0.994511
2137.8036 0.994644
2137.83682 0.994776
2137.87005 0.994888
2137.90327 0.994963
2137.9365 0.995007
2137.96973 0.995005
2138.00296 0.994921
2138.03618 0.994661
2138.06941 0.994362
2138.10264 0.994417
2138.13587 0.994598
2138.1691 0.994711
2138.20233 0.994737
2138.23556 0.994703
2138.26879 0.994605
2138.30203 0.9946
2138.33526 0.99463
2138.36849 0.994449
2138.40172 0.99382
2138.43496 0.992201
2138.46819 0.990187
2138.50143 0.989961
2138.53466 0.991397
2138.5679 0.993169
2138.60114 0.994213
2138.63437 0.994637
2138.66761 0.994736
2138.70085 0.994576
2138.73409 0.994446
2138.76733 0.994657
2138.80057 0.994784
2138.83381 0.994655
2138.86705 0.994541
2138.90029 0.994486
2138.93353 0.994023
2138.96678 0.993349
2139.00002 0.993396
2139.03326 0.994081
2139.06651 0.994573
2139.09975 0.994681
2139.133 0.994606
2139.16624 0.994359
2139.19949 0.993433
2139.23273 0.991965
2139.26598 0.991729
2139.29923 0.993091
2139.33248 0.994178
2139.36573 0.994483
2139.39897 0.994258
2139.43222 0.993721
2139.46547 0.993492
2139.49872 0.993955
2139.53198 0.994243
2139.56523 0.993845
2139.59848 0.992029
2139.63173 0.989071
2139.66499 0.989432
2139.69824 0.992309
2139.73149 0.993841
2139.76475 0.994373
2139.798 0.994586
2139.83126 0.994569
2139.86452 0.994255
2139.89777 0.993654
2139.93103 0.992679
2139.96429 0.99166
2139.99755 0.992382
2140.03081 0.993525
2140.06407 0.993919
2140.09733 0.994396
2140.13059 0.99481
2140.16385 0.994918
2140.19711 0.99474
2140.23037 0.99441
2140.26363 0.994449
2140.2969 0.994792
2140.33016 0.994973
2140.36342 0.994902
2140.39669 0.994514
2140.42995 0.994133
2140.46322 0.99444
2140.49649 0.9948
2140.52975 0.994845
2140.56302 0.994656
2140.59629 0.994312
2140.62956 0.994221
2140.66282 0.994622
2140.69609 0.994861
2140.72936 0.994854
2140.76263 0.994755
2140.7959 0.994547
2140.82918 0.994509
2140.86245 0.994459
2140.89572 0.994234
2140.92899 0.994222
2140.96227 0.994257
2140.99554 0.994341
2141.02882 0.994621
2141.06209 0.994914
2141.09537 0.995046
2141.12864 0.995075
2141.16192 0.99505
2141.1952 0.995005
2141.22847 0.995013
2141.26175 0.994996
2141.29503 0.994883
2141.32831 0.994804
2141.36159 0.994814
2141.39487 0.994611
2141.42815 0.994393
2141.46143 0.994663
2141.49471 0.994935
2141.52799 0.995021
2141.56128 0.995006
2141.59456 0.994973
2141.62784 0.995013
2141.66113 0.995069
2141.69441 0.995083
2141.7277 0.995029
2141.76098 0.994961
2141.79427 0.994981
2141.82756 0.994965
2141.86084 0.994784
2141.89413 0.994035
2141.92742 0.99262
2141.96071 0.992279
2141.994 0.993607
2142.02729 0.994392
2142.06058 0.994219
2142.09387 0.993922
2142.12716 0.993959
2142.16045 0.993088
2142.19375 0.991276
2142.22704 0.990787
2142.26033 0.990807
2142.29363 0.990275
2142.32692 0.991438
2142.36022 0.993118
2142.39351 0.993066
2142.42681 0.99186
2142.46011 0.991527
2142.4934 0.991973
2142.5267 0.992585
2142.56 0.993058
2142.5933 0.993842
2142.6266 0.99436
2142.6599 0.99432
2142.6932 0.994258
2142.7265 0.99426
2142.7598 0.994034
2142.7931 0.993545
2142.8264 0.9933
2142.85971 0.991451
2142.89301 0.987893
2142.92631 0.986256
2142.95962 0.986916
2142.99292 0.990203
2143.02623 0.992599
2143.05954 0.993561
2143.09284 0.994274
2143.12615 0.994545
2143.15946 0.994512
2143.19276 0.994443
2143.22607 0.993771
2143.25938 0.991055
2143.29269 0.987487
2143.326 0.987175
2143.35931 0.989149
2143.39262 0.992259
2143.42594 0.993757
2143.45925 0.992902
2143.49256 0.990624
2143.52587 0.988708
2143.55919 0.988
2143.5925 0.989941
2143.62582 0.992775
2143.65913 0.994249
2143.69245 0.99459
2143.72576 0.994605
2143.75908 0.994621
2143.7924 0.994387
2143.82572 0.994133
2143.85904 0.994453
2143.89235 0.994842
2143.92567 0.994933
2143.95899 0.994913
2143.99231 0.99493
2144.02564 0.994776
2144.05896 0.994396
2144.09228 0.994134
2144.1256 0.994426
2144.15892 0.994733
2144.19225 0.994765
2144.22557 0.994882
2144.2589 0.994952
2144.29222 0.994928
2144.32555 0.994936
2144.35887 0.994909
2144.3922 0.994817
2144.42553 0.994665
2144.45886 0.994541
2144.49218 0.994357
2144.52551 0.993613
2144.55884 0.991582
2144.59217 0.988779
2144.6255 0.987954
2144.65883 0.989755
2144.69217 0.992056
2144.7255 0.993599
2144.75883 0.994351
2144.79216 0.994576
2144.8255 0.994593
2144.85883 0.994601
2144.89216 0.994528
2144.9255 0.99425
2144.95883 0.994124
2144.99217 0.994428
2145.02551 0.994642
2145.05884 0.994593
2145.09218 0.994484
2145.12552 0.994459
2145.15886 0.99448
2145.1922 0.994336
2145.22554 0.994046
2145.25888 0.994113
2145.29222 0.994404
2145.32556 0.994558
2145.3589 0.994565
2145.39224 0.994537
2145.42559 0.994559
2145.45893 0.994448
2145.49227 0.994307
2145.52562 0.993998
2145.55896 0.993932
2145.59231 0.994263
2145.62565 0.994324
2145.659 0.994253
2145.69235 0.994267
2145.7257 0.994056
2145.75904 0.99382
2145.79239 0.993195
2145.82574 0.991184
2145.85909 0.989087
2145.89244 0.989624
2145.92579 0.991556
2145.95914 0.992605
2145.99249 0.993163
2146.02585 0.993088
2146.0592 0.992526
2146.09255 0.992551
2146.12591 0.992912
2146.15926 0.992712
2146.19261 0.992916
2146.22597 0.993855
2146.25933 0.994175
2146.29268 0.99366
2146.32604 0.993451
2146.3594 0.993977
2146.39275 0.993867
2146.42611 0.992634
2146.45947 0.991051
2146.49283 0.989957
2146.52619 0.990405
2146.55955 0.991711
2146.59291 0.99276
2146.62627 0.993847
2146.65963 0.994157
2146.693 0.993324
2146.72636 0.99262
2146.75972 0.993371
2146.79309 0.993876
2146.82645 0.993253
2146.85982 0.992333
2146.89318 0.993113
2146.92655 0.994111
2146.95992 0.994001
2146.99328 0.992805
2147.02665 0.992031
2147.06002 0.993112
2147.09339 0.993772
2147.12676 0.99277
2147.16013 0.990588
2147.1935 0.987537
2147.22687 0.984502
2147.26024 0.984845
2147.29361 0.983762
2147.32698 0.982566
2147.36036 0.987118
2147.39373 0.989784
2147.4271 0.988948
2147.46048 0.989466
2147.49385 0.989934
2147.52723 0.991433
2147.5606 0.993258
2147.59398 0.993475
2147.62736 0.991565
2147.66074 0.989128
2147.69411 0.989838
2147.72749 0.992556
2147.76087 0.993867
2147.79425 0.9935
2147.82763 0.991528
2147.86101 0.989847
2147.89439 0.991687
2147.92777 0.993376
2147.96116 0.99326
2147.99454 0.991273
2148.02792 0.987848
2148.06131 0.98514
2148.09469 0.98071
2148.12808 0.976978
2148.16146 0.9811
2148.19485 0.98558
2148.22823 0.986719
2148.26162 0.98992
2148.29501 0.992808
2148.32839 0.993676
2148.36178 0.993163
2148.39517 0.990665
2148.42856 0.988356
2148.46195 0.990678
2148.49534 0.993211
2148.52873 0.993949
2148.56212 0.993372
2148.59552 0.99064
2148.62891 0.988121
2148.6623 0.990486
2148.6957 0.993036
2148.72909 0.993767
2148.76248 0.993174
2148.79588 0.990099
2148.82928 0.986232
2148.86267 0.984398
2148.89607 0.975566
2148.92947 0.967801
2148.96286 0.978646
2148.99626 0.987324
2149.02966 0.987125
2149.06306 0.988425
2149.09646 0.99175
2149.12986 0.993208
2149.16326 0.992968
2149.19666 0.991857
2149.23006 0.988343
2149.26347 0.983067
2149.29687 0.982807
2149.33027 0.987051
2149.36368 0.98799
2149.39708 0.986071
2149.43049 0.986705
2149.46389 0.985773
2149.4973 0.983963
2149.53071 0.983385
2149.56411 0.984246
2149.59752 0.988637
2149.63093 0.991343
2149.66434 0.989111
2149.69775 0.98531
2149.73116 0.986828
2149.76457 0.990129
2149.79798 0.990329
2149.83139 0.986197
2149.8648 0.975439
2149.89821 0.962249
2149.93162 0.961893
2149.96504 0.974899
2149.99845 0.98644
2150.03187 0.991262
2150.06528 0.992659
2150.0987 0.992634
2150.13211 0.99031
2150.16553 0.986265
2150.19895 0.986183
2150.23236 0.990109
2150.26578 0.992637
2150.2992 0.993024
2150.33262 0.992951
2150.36604 0.99193
2150.39946 0.988169
2150.43288 0.985188
2150.4663 0.988254
2150.49972 0.991221
2150.53314 0.99126
2150.56657 0.988173
2150.59999 0.983717
2150.63341 0.981327
2150.66684 0.981481
2150.70026 0.986192
2150.73369 0.990356
2150.76711 0.991859
2150.80054 0.992875
2150.83397 0.993154
2150.86739 0.991498
2150.90082 0.986684
2150.93425 0.983332
2150.96768 0.98738
2151.00111 0.990079
2151.03454 0.989224
2151.06797 0.987827
2151.1014 0.986412
2151.13483 0.986337
2151.16826 0.983487
2151.2017 0.980657
2151.23513 0.981055
2151.26856 0.975677
2151.302 0.955663
2151.33543 0.918832
2151.36887 0.894764
2151.4023 0.917277
2151.43574 0.950017
2151.46918 0.968677
2151.50261 0.980188
2151.53605 0.985997
2151.56949 0.987134
2151.60293 0.986284
2151.63637 0.984683
2151.66981 0.978001
2151.70325 0.960661
2151.73669 0.940897
2151.77013 0.938853
2151.80357 0.952721
2151.83701 0.970536
2151.87046 0.97986
2151.9039 0.978513
2151.93735 0.97508
2151.97079 0.978462
2152.00423 0.981817
2152.03768 0.98611
2152.07113 0.986342
2152.10457 0.983803
2152.13802 0.985826
2152.17147 0.986476
2152.20492 0.986096
2152.23836 0.985115
2152.27181 0.979822
2152.30526 0.976294
2152.33871 0.974322
2152.37216 0.968342
2152.40562 0.962502
2152.43907 0.958198
2152.47252 0.964763
2152.50597 0.976847
2152.53943 0.98284
2152.57288 0.983947
2152.60633 0.987931
2152.63979 0.991213
2152.67324 0.991906
2152.7067 0.991664
2152.74016 0.991255
2152.77361 0.989634
2152.80707 0.98676
2152.84053 0.982454
2152.87399 0.975347
2152.90745 0.962017
2152.94091 0.939027
2152.97437 0.930993
2153.00783 0.95307
2153.04129 0.975198
2153.07475 0.983891
2153.10821 0.985627
2153.14168 0.985785
2153.17514 0.986694
2153.2086 0.990058
2153.24207 0.992335
2153.27553 0.992815
2153.309 0.992802
2153.34246 0.992402
2153.37593 0.990717
2153.4094 0.987381
2153.44286 0.982487
2153.47633 0.973902
2153.5098 0.96272
2153.54327 0.958782
2153.57674 0.97078
2153.61021 0.98355
2153.64368 0.989272
2153.67715 0.990877
2153.71062 0.990169
2153.74409 0.988281
2153.77757 0.988153
2153.81104 0.991002
2153.84451 0.993138
2153.87799 0.993683
2153.91146 0.993626
2153.94494 0.993251
2153.97841 0.992654
2154.01189 0.991457
2154.04537 0.988884
2154.07884 0.987136
2154.11232 0.987241
2154.1458 0.98514
2154.17928 0.976088
2154.21276 0.962723
2154.24624 0.96031
2154.27972 0.972687
2154.3132 0.983504
2154.34668 0.986274
2154.38016 0.98439
2154.41364 0.984391
2154.44713 0.988457
2154.48061 0.991743
2154.51409 0.992824
2154.54758 0.992943
2154.58106 0.99253
2154.61455 0.990643
2154.64804 0.985485
2154.68152 0.97888
2154.71501 0.978595
2154.7485 0.984779
2154.78199 0.990007
2154.81547 0.991396
2154.84896 0.989071
2154.88245 0.979751
2154.91594 0.968349
2154.94943 0.973101
2154.98293 0.985326
2155.01642 0.990217
2155.04991 0.990466
2155.0834 0.991808
2155.1169 0.993105
2155.15039 0.992942
2155.18388 0.989777
2155.21738 0.978971
2155.25088 0.968625
2155.28437 0.975448
2155.31787 0.979053
2155.35136 0.975026
2155.38486 0.9768
2155.41836 0.983198
2155.45186 0.986918
2155.48536 0.983366
2155.51886 0.980246
2155.55236 0.986539
2155.58586 0.991328
2155.61936 0.990743
2155.65286 0.985867
2155.68636 0.977689
2155.71987 0.974017
2155.75337 0.979887
2155.78687 0.988273
2155.82038 0.992511
2155.85388 0.993745
2155.88739 0.994258
2155.92089 0.994518
2155.9544 0.99457
2155.98791 0.994367
2156.02142 0.993335
2156.05492 0.991239
2156.08843 0.990392
2156.12194 0.992099
2156.15545 0.993062
2156.18896 0.992144
2156.22247 0.991441
2156.25598 0.992287
2156.28949 0.993396
2156.32301 0.993424
2156.35652 0.992113
2156.39003 0.988291
2156.42355 0.982544
2156.45706 0.978595
2156.49057 0.979862
2156.52409 0.987486
2156.55761 0.992608
2156.59112 0.993868
2156.62464 0.994093
2156.65816 0.994329
2156.69167 0.994353
2156.72519 0.993518
2156.75871 0.99148
2156.79223 0.990037
2156.82575 0.991267
2156.85927 0.993391
2156.89279 0.99433
2156.92631 0.994165
2156.95984 0.993668
2156.99336 0.993466
2157.02688 0.992091
2157.06041 0.988752
2157.09393 0.986627
2157.12745 0.987434
2157.16098 0.98866
2157.1945 0.991069
2157.22803 0.993293
2157.26156 0.994203
2157.29508 0.994313
2157.32861 0.993533
2157.36214 0.991579
2157.39567 0.990216
2157.4292 0.989938
2157.46273 0.985206
2157.49626 0.977154
2157.52979 0.976916
2157.56332 0.985238
2157.59685 0.991356
2157.63039 0.99357
2157.66392 0.994305
2157.69745 0.994468
2157.73099 0.994383
2157.76452 0.994077
2157.79806 0.993111
2157.83159 0.990709
2157.86513 0.987799
2157.89866 0.986896
2157.9322 0.988682
2157.96574 0.99182
2157.99928 0.99338
2158.03282 0.992767
2158.06636 0.988352
2158.0999 0.979602
2158.13344 0.976787
2158.16698 0.985422
2158.20052 0.991297
2158.23406 0.991425
2158.2676 0.989192
2158.30115 0.987406
2158.33469 0.990274
2158.36823 0.993282
2158.40178 0.994225
2158.43532 0.994377
2158.46887 0.994404
2158.50241 0.994318
2158.53596 0.993971
2158.56951 0.993291
2158.60305 0.992542
2158.6366 0.990651
2158.67015 0.987942
2158.7037 0.989109
2158.73725 0.991987
2158.7708 0.993323
2158.80435 0.993555
2158.8379 0.993369
2158.87145 0.992873
2158.90501 0.991961
2158.93856 0.990433
2158.97211 0.987672
2159.00567 0.980991
2159.03922 0.963236
2159.07278 0.932473
2159.10633 0.91587
2159.13989 0.937009
2159.17344 0.966145
2159.207 0.981755
2159.24056 0.987908
2159.27412 0.990472
2159.30767 0.991809
2159.34123 0.992602
2159.37479 0.992832
2159.40835 0.991971
2159.44191 0.988814
2159.47548 0.986254
2159.50904 0.989306
2159.5426 0.99217
2159.57616 0.993203
2159.60973 0.993783
2159.64329 0.993932
2159.67685 0.993838
2159.71042 0.99375
2159.74398 0.993551
2159.77755 0.992995
2159.81112 0.991228
2159.84468 0.986589
2159.87825 0.981486
2159.91182 0.979216
2159.94539 0.970913
2159.97896 0.960165
2160.01252 0.963601
2160.04609 0.976856
2160.07967 0.986369
2160.11324 0.990558
2160.14681 0.992249
2160.18038 0.992863
2160.21395 0.992281
2160.24753 0.988983
2160.2811 0.985615
2160.31467 0.987788
2160.34825 0.989606
2160.38182 0.989735
2160.4154 0.990195
2160.44898 0.991636
2160.48255 0.992471
2160.51613 0.992864
2160.54971 0.99295
2160.58329 0.993174
2160.61686 0.992987
2160.65044 0.990226
2160.68402 0.986258
2160.7176 0.9873
2160.75119 0.990277
2160.78477 0.989323
2160.81835 0.978676
2160.85193 0.957024
2160.88551 0.939748
2160.9191 0.93782
2160.95268 0.952502
2160.98627 0.96879
2161.01985 0.96693
2161.05344 0.956429
2161.08702 0.96178
2161.12061 0.973027
2161.1542 0.981942
2161.18779 0.979871
2161.22137 0.96892
2161.25496 0.966422
2161.28855 0.966385
2161.32214 0.961336
2161.35573 0.956955
2161.38932 0.948704
2161.42291 0.963425
2161.45651 0.982052
2161.4901 0.98771
2161.52369 0.986197
2161.55729 0.986505
2161.59088 0.9896
2161.62447 0.991499
2161.65807 0.992734
2161.69166 0.993122
2161.72526 0.992554
2161.75886 0.992706
2161.79245 0.993661
2161.82605 0.993898
2161.85965 0.992419
2161.89325 0.989349
2161.92685 0.986312
2161.96045 0.984917
2161.99405 0.988124
2162.02765 0.992123
2162.06125 0.993571
2162.09485 0.992845
2162.12846 0.990876
2162.16206 0.989426
2162.19566 0.9897
2162.22927 0.991869
2162.26287 0.992958
2162.29647 0.991233
2162.33008 0.98564
2162.36369 0.979554
2162.39729 0.97996
2162.4309 0.983987
2162.46451 0.985511
2162.49812 0.983517
2162.53172 0.976573
2162.56533 0.969331
2162.59894 0.971808
2162.63255 0.980094
2162.66616 0.983842
2162.69978 0.984902
2162.73339 0.988987
2162.767 0.991529
2162.80061 0.98989
2162.83423 0.985999
2162.86784 0.985546
2162.90145 0.988697
2162.93507 0.99088
2162.96868 0.990922
2163.0023 0.990707
2163.03592 0.991532
2163.06953 0.991999
2163.10315 0.991697
2163.13677 0.990956
2163.17039 0.989703
2163.20401 0.987701
2163.23763 0.984139
2163.27125 0.977062
2163.30487 0.967524
2163.33849 0.954529
2163.37211 0.916807
2163.40573 0.835931
2163.43936 0.770992
2163.47298 0.81252
2163.5066 0.887463
2163.54023 0.911137
2163.57385 0.892398
2163.60748 0.890497
2163.6411 0.928844
2163.67473 0.962869
2163.70836 0.975214
2163.74198 0.977995
2163.77561 0.982728
2163.80924 0.986874
2163.84287 0.988477
2163.8765 0.990316
2163.91013 0.991921
2163.94376 0.992639
2163.97739 0.99266
2164.01102 0.992292
2164.04465 0.992416
2164.07829 0.993024
2164.11192 0.993355
2164.14555 0.992596
2164.17919 0.989704
2164.21282 0.987214
2164.24646 0.989127
2164.28009 0.991032
2164.31373 0.992717
2164.34737 0.99388
2164.381 0.994239
2164.41464 0.994433
2164.44828 0.994463
2164.48192 0.994096
2164.51556 0.993672
2164.5492 0.99383
2164.58284 0.99341
2164.61648 0.991042
2164.65012 0.987183
2164.68376 0.985034
2164.71741 0.986668
2164.75105 0.990389
2164.78469 0.993137
2164.81834 0.994043
2164.85198 0.994028
2164.88563 0.993202
2164.91927 0.989218
2164.95292 0.984572
2164.98657 0.987522
2165.02021 0.991696
2165.05386 0.991616
2165.08751 0.98821
2165.12116 0.984654
2165.15481 0.984843
2165.18846 0.989876
2165.22211 0.99344
2165.25576 0.994378
2165.28941 0.994559
2165.32306 0.994627
2165.35672 0.994485
2165.39037 0.993732
2165.42402 0.992813
2165.45768 0.993095
2165.49133 0.993839
2165.52499 0.993661
2165.55864 0.991355
2165.5923 0.986077
2165.62596 0.979099
2165.65961 0.973905
2165.69327 0.977716
2165.72693 0.987489
2165.76059 0.992931
2165.79425 0.994238
2165.82791 0.994535
2165.86157 0.994617
2165.89523 0.994615
2165.92889 0.99448
2165.96255 0.994202
2165.99621 0.993493
2166.02988 0.991702
2166.06354 0.988834
2166.0972 0.986812
2166.13087 0.988009
2166.16453 0.989168
2166.1982 0.987481
2166.23187 0.983291
2166.26553 0.981352
2166.2992 0.985505
2166.33287 0.990323
2166.36654 0.992584
2166.40021 0.99317
2166.43387 0.992511
2166.46754 0.99014
2166.50121 0.986861
2166.53489 0.984905
2166.56856 0.984233
2166.60223 0.984102
2166.6359 0.983015
2166.66957 0.978692
2166.70325 0.97016
2166.73692 0.955893
2166.7706 0.947369
2166.80427 0.948234
2166.83795 0.952497
2166.87162 0.970499
2166.9053 0.980197
2166.93898 0.979338
2166.97265 0.983228
2167.00633 0.985097
2167.04001 0.972227
2167.07369 0.948183
2167.10737 0.936698
2167.14105 0.942982
2167.17473 0.968507
2167.20841 0.98507
2167.24209 0.989641
2167.27578 0.991632
2167.30946 0.99265
2167.34314 0.992515
2167.37683 0.990702
2167.41051 0.98871
2167.4442 0.989331
2167.47788 0.988733
2167.51157 0.985673
2167.54525 0.984192
2167.57894 0.985608
2167.61263 0.99026
2167.64632 0.993332
2167.68001 0.994114
2167.7137 0.994145
2167.74739 0.993581
2167.78108 0.992397
2167.81477 0.990846
2167.84846 0.986157
2167.88215 0.975991
2167.91584 0.971227
2167.94953 0.981417
2167.98323 0.989732
2168.01692 0.991294
2168.05062 0.990711
2168.08431 0.990117
2168.11801 0.991758
2168.1517 0.99316
2168.1854 0.993096
2168.2191 0.992378
2168.25279 0.991197
2168.28649 0.989924
2168.32019 0.989991
2168.35389 0.989355
2168.38759 0.989015
2168.42129 0.989704
2168.45499 0.989743
2168.48869 0.988179
2168.52239 0.98444
2168.5561 0.976945
2168.5898 0.96238
2168.6235 0.929737
2168.65721 0.86976
2168.69091 0.832294
2168.72461 0.874497
2168.75832 0.934818
2168.79203 0.966391
2168.82573 0.978465
2168.85944 0.984464
2168.89315 0.987932
2168.92685 0.989222
2168.96056 0.988793
2168.99427 0.9884
2169.02798 0.989764
2169.06169 0.990169
2169.0954 0.989416
2169.12911 0.990027
2169.16283 0.991382
2169.19654 0.992953
2169.23025 0.993738
2169.26396 0.993459
2169.29768 0.992705
2169.33139 0.992691
2169.36511 0.992828
2169.39882 0.99104
2169.43254 0.986731
2169.46625 0.984397
2169.49997 0.988603
2169.53369 0.992537
2169.56741 0.993047
2169.60113 0.991593
2169.63484 0.990338
2169.66856 0.989003
2169.70228 0.986472
2169.736 0.988049
2169.76973 0.991125
2169.80345 0.992292
2169.83717 0.992817
2169.87089 0.992589
2169.90462 0.992845
2169.93834 0.993843
2169.97206 0.994437
2170.00579 0.994336
2170.03951 0.993631
2170.07324 0.992419
2170.10697 0.990747
2170.14069 0.989673
2170.17442 0.990977
2170.20815 0.992307
2170.24188 0.990551
2170.27561 0.981963
2170.30934 0.96752
2170.34307 0.963852
2170.3768 0.977153
2170.41053 0.987039
2170.44426 0.98929
2170.47799 0.990943
2170.51172 0.992091
2170.54546 0.99293
2170.57919 0.993514
2170.61292 0.993854
2170.64666 0.993234
2170.68039 0.992483
2170.71413 0.993211
2170.74787 0.993544
2170.7816 0.993216
2170.81534 0.993184
2170.84908 0.993082
2170.88282 0.99389
2170.91656 0.99469
2170.9503 0.994942
2170.98404 0.994982
2171.01778 0.994893
2171.05152 0.994686
2171.08526 0.994365
2171.119 0.993297
2171.15274 0.991745
2171.18649 0.991501
2171.22023 0.991754
2171.25397 0.9924
2171.28772 0.992821
2171.32146 0.992029
2171.35521 0.989994
2171.38896 0.989927
2171.4227 0.991667
2171.45645 0.991996
2171.4902 0.991148
2171.52395 0.991068
2171.5577 0.992675
2171.59145 0.994163
2171.6252 0.994616
2171.65895 0.994289
2171.6927 0.993403
2171.72645 0.992162
2171.7602 0.990731
2171.79395 0.990727
2171.82771 0.991355
2171.86146 0.989721
2171.89521 0.987178
2171.92897 0.988324
2171.96272 0.991622
2171.99648 0.99253
2172.03024 0.991188
2172.06399 0.991151
2172.09775 0.992336
2172.13151 0.991925
2172.16527 0.991141
2172.19903 0.992001
2172.23279 0.992858
2172.26654 0.992314
2172.30031 0.991827
2172.33407 0.992626
2172.36783 0.993311
2172.40159 0.993089
2172.43535 0.991914
2172.46912 0.988114
2172.50288 0.973215
2172.53664 0.931101
2172.57041 0.890575
2172.60417 0.899922
2172.63794 0.906158
2172.67171 0.922831
2172.70547 0.955144
2172.73924 0.974342
2172.77301 0.97935
2172.80678 0.972542
2172.84054 0.949364
2172.87431 0.940003
2172.90808 0.965989
2172.94185 0.984938
2172.97562 0.988928
2173.0094 0.987717
2173.04317 0.980535
2173.07694 0.97262
2173.11071 0.976459
2173.14449 0.985723
2173.17826 0.990425
2173.21204 0.99137
2173.24581 0.992138
2173.27959 0.992705
2173.31336 0.992349
2173.34714 0.992205
2173.38092 0.992961
2173.4147 0.993362
2173.44847 0.993876
2173.48225 0.994418
2173.51603 0.99459
2173.54981 0.994417
2173.58359 0.993876
2173.61737 0.993299
2173.65115 0.993417
2173.68494 0.993783
2173.71872 0.993577
2173.7525 0.992285
2173.78629 0.987243
2173.82007 0.971305
2173.85385 0.95353
2173.88764 0.961999
2173.92142 0.980921
2173.95521 0.989795
2173.989 0.991697
2174.02279 0.992109
2174.05657 0.99184
2174.09036 0.991696
2174.12415 0.991861
2174.15794 0.992074
2174.19173 0.992779
2174.22552 0.99309
2174.25931 0.992757
2174.2931 0.991798
2174.32689 0.990321
2174.36069 0.988446
2174.39448 0.984353
2174.42827 0.973891
2174.46207 0.94903
2174.49586 0.907862
2174.52966 0.887634
2174.56345 0.921573
2174.59725 0.961812
2174.63105 0.980583
2174.66484 0.987399
2174.69864 0.99027
2174.73244 0.99164
2174.76624 0.992065
2174.80004 0.992081
2174.83384 0.992483
2174.86764 0.99264
2174.90144 0.991994
2174.93524 0.989239
2174.96904 0.982978
2175.00284 0.977138
2175.03665 0.979705
2175.07045 0.987556
2175.10425 0.990845
2175.13806 0.990561
2175.17186 0.991681
2175.20567 0.992793
2175.23948 0.99337
2175.27328 0.993454
2175.30709 0.992608
2175.3409 0.989858
2175.37471 0.98365
2175.40851 0.978153
2175.44232 0.98148
2175.47613 0.987851
2175.50994 0.991069
2175.54375 0.992522
2175.57757 0.993622
2175.61138 0.994193
2175.64519 0.994317
2175.679 0.994075
2175.71282 0.993751
2175.74663 0.99397
2175.78045 0.994247
2175.81426 0.994203
2175.84808 0.993996
2175.88189 0.993835
2175.91571 0.993604
2175.94953 0.993215
2175.98334 0.992644
2176.01716 0.991418
2176.05098 0.988534
2176.0848 0.980943
2176.11862 0.967312
2176.15244 0.960142
2176.18626 0.968323
2176.22008 0.972635
2176.2539 0.958906
2176.28773 0.928808
2176.32155 0.913133
2176.35537 0.936045
2176.3892 0.963591
2176.42302 0.979299
2176.45685 0.986273
2176.49067 0.98959
2176.5245 0.991735
2176.55832 0.992906
2176.59215 0.993522
2176.62598 0.993901
2176.65981 0.99415
2176.69364 0.994305
2176.72747 0.994398
2176.7613 0.994444
2176.79513 0.99446
2176.82896 0.994542
2176.86279 0.994527
2176.89662 0.99443
2176.93045 0.994573
2176.96429 0.994722
2176.99812 0.994719
2177.03195 0.994732
2177.06579 0.994732
2177.09962 0.994597
2177.13346 0.994178
2177.16729 0.992846
2177.20113 0.991224
2177.23497 0.991556
2177.26881 0.992457
2177.30264 0.992816
2177.33648 0.993896
2177.37032 0.994709
2177.40416 0.994897
2177.438 0.99485
2177.47184 0.99456
2177.50568 0.994025
2177.53953 0.993858
2177.57337 0.99437
2177.60721 0.994766
2177.64106 0.994824
2177.6749 0.994786
2177.70874 0.994677
2177.74259 0.994496
2177.77643 0.994414
2177.81028 0.994345
2177.84413 0.994187
2177.87797 0.993731
2177.91182 0.99203
2177.94567 0.98791
2177.97952 0.985039
2178.01337 0.988489
2178.04722 0.991837
2178.08107 0.992722
2178.11492 0.993083
2178.14877 0.993446
2178.18262 0.993156
2178.21647 0.991505
2178.25033 0.988441
2178.28418 0.982033
2178.31803 0.956933
2178.35189 0.920731
2178.38574 0.911479
2178.4196 0.909908
2178.45346 0.928369
2178.48731 0.930892
2178.52117 0.895225
2178.55503 0.898402
2178.58889 0.950369
2178.62274 0.982588
2178.6566 0.99036
2178.69046 0.992214
2178.72432 0.992915
2178.75818 0.993441
2178.79205 0.993858
2178.82591 0.994078
2178.85977 0.994154
2178.89363 0.99415
2178.9275 0.994078
2178.96136 0.993928
2178.99523 0.993676
2179.02909 0.993297
2179.06296 0.992742
2179.09682 0.991826
2179.13069 0.990184
2179.16456 0.986816
2179.19842 0.978368
2179.23229 0.956218
2179.26616 0.919306
2179.30003 0.903159
2179.3339 0.932525
2179.36777 0.964869
2179.40164 0.980508
2179.43551 0.986068
2179.46938 0.985958
2179.50326 0.984514
2179.53713 0.986617
2179.571 0.987984
2179.60488 0.981
2179.63875 0.971672
2179.67263 0.9772
2179.7065 0.982367
2179.74038 0.981341
2179.77425 0.985157
2179.80813 0.990525
2179.84201 0.993224
2179.87589 0.994176
2179.90977 0.994357
2179.94365 0.994027
2179.97753 0.993765
2180.01141 0.994295
2180.04529 0.994787
2180.07917 0.994944
2180.11305 0.994994
2180.14693 0.995009
2180.18081 0.994991
2180.2147 0.994919
2180.24858 0.994705
2180.28247 0.994225
2180.31635 0.993592
2180.35024 0.992925
2180.38412 0.992607
2180.41801 0.993516
2180.4519 0.994492
2180.48578 0.994898
2180.51967 0.995013
2180.55356 0.995006
2180.58745 0.994987
2180.62134 0.995057
2180.65523 0.995128
2180.68912 0.995149
2180.72301 0.995131
2180.75691 0.995061
2180.7908 0.99489
2180.82469 0.994494
2180.85858 0.993723
2180.89248 0.992587
2180.92637 0.991898
2180.96027 0.992804
2180.99416 0.994032
2181.02806 0.994768
2181.06196 0.995062
2181.09585 0.995142
2181.12975 0.99517
2181.16365 0.995165
2181.19755 0.995118
2181.23145 0.995075
2181.26535 0.995088
2181.29925 0.995067
2181.33315 0.994971
2181.36705 0.994616
2181.40095 0.994225
2181.43485 0.994573
2181.46876 0.995017
2181.50266 0.99517
2181.53656 0.995206
2181.57047 0.995215
2181.60437 0.995217
2181.63828 0.995213
2181.67219 0.995202
2181.70609 0.995195
2181.74 0.995195
2181.77391 0.995177
2181.80782 0.995107
2181.84172 0.995007
2181.87563 0.995002
2181.90954 0.995087
2181.94345 0.995139
2181.97736 0.995154
2182.01128 0.995152
2182.04519 0.995137
2182.0791 0.995119
2182.11301 0.995104
2182.14693 0.995092
2182.18084 0.995074
2182.21476 0.99505
2182.24867 0.995018
2182.28259 0.994977
2182.3165 0.994916
2182.35042 0.994816
2182.38434 0.994641
2182.41825 0.994173
2182.45217 0.993082
2182.48609 0.992223
2182.52001 0.992866
2182.55393 0.993642
2182.58785 0.993699
2182.62177 0.993351
2182.65569 0.992483
2182.68961 0.99023
2182.72354 0.984409
2182.75746 0.974874
2182.79138 0.97089
2182.82531 0.978671
2182.85923 0.986982
2182.89316 0.990572
2182.92708 0.99172
2182.96101 0.991997
2182.99494 0.991863
2183.02886 0.991362
2183.06279 0.99028
2183.09672 0.987215
2183.13065 0.978038
2183.16458 0.968023
2183.19851 0.970788
2183.23244 0.971113
2183.26637 0.95614
2183.3003 0.911299
2183.33423 0.818384
2183.36816 0.742124
2183.4021 0.791271
2183.43603 0.890058
2183.46996 0.948196
2183.5039 0.971105
2183.53783 0.980656
2183.57177 0.985387
2183.60571 0.988099
2183.63964 0.989813
2183.67358 0.990956
2183.70752 0.991719
2183.74146 0.992216
2183.77539 0.992502
2183.80933 0.992606
2183.84327 0.992541
2183.87721 0.992192
2183.91115 0.99118
2183.9451 0.987785
2183.97904 0.973638
2184.01298 0.933439
2184.04692 0.887896
2184.08087 0.899194
2184.11481 0.95098
2184.14876 0.98149
2184.1827 0.989647
2184.21665 0.991853
2184.25059 0.992645
2184.28454 0.992927
2184.31849 0.992861
2184.35243 0.991945
2184.38638 0.988324
2184.42033 0.984353
2184.45428 0.986514
2184.48823 0.988117
2184.52218 0.9867
2184.55613 0.985707
2184.59008 0.980591
2184.62404 0.961479
2184.65799 0.93169
2184.69194 0.922971
2184.7259 0.939757
2184.75985 0.959659
2184.7938 0.967802
2184.82776 0.959529
2184.86171 0.923326
2184.89567 0.829776
2184.92963 0.723252
2184.96358 0.746938
2184.99754 0.861628
2185.0315 0.939503
2185.06546 0.968909
2185.09942 0.979989
2185.13338 0.98519
2185.16734 0.988041
2185.2013 0.989651
2185.23526 0.990521
2185.26922 0.991242
2185.30319 0.991845
2185.33715 0.991745
2185.37111 0.989582
2185.40508 0.981999
2185.43904 0.973153
2185.47301 0.975543
2185.50697 0.983
2185.54094 0.989323
2185.57491 0.992321
2185.60887 0.993155
2185.64284 0.993777
2185.67681 0.994024
2185.71078 0.993615
2185.74475 0.993072
2185.77872 0.993392
2185.81269 0.994179
2185.84666 0.99467
2185.88063 0.994871
2185.9146 0.994944
2185.94858 0.994871
2185.98255 0.994717
2186.01652 0.994796
2186.0505 0.995006
2186.08447 0.995115
2186.11845 0.995143
2186.15242 0.995152
2186.1864 0.995153
2186.22037 0.995143
2186.25435 0.995094
2186.28833 0.994912
2186.32231 0.994482
2186.35629 0.994189
2186.39027 0.994558
2186.42425 0.994953
2186.45823 0.995074
2186.49221 0.995084
2186.52619 0.995071
2186.56017 0.995055
2186.59415 0.995019
2186.62814 0.994905
2186.66212 0.994502
2186.69611 0.993967
2186.73009 0.994074
2186.76408 0.994448
2186.79806 0.994535
2186.83205 0.994393
2186.86603 0.994124
2186.90002 0.993704
2186.93401 0.992989
2186.968 0.991572
2187.00199 0.987989
2187.03598 0.976813
2187.06997 0.949445
2187.10396 0.925786
2187.13795 0.943813
2187.17194 0.972731
2187.20593 0.986487
2187.23992 0.990922
2187.27392 0.992548
2187.30791 0.993293
2187.34191 0.993672
2187.3759 0.993853
2187.4099 0.993901
2187.44389 0.993839
2187.47789 0.99366
2187.51188 0.993317
2187.54588 0.992681
2187.57988 0.991402
2187.61388 0.988303
2187.64788 0.979774
2187.68188 0.962159
2187.71588 0.94391
2187.74988 0.943471
2187.78388 0.961186
2187.81788 0.978584
2187.85188 0.986872
2187.88589 0.989803
2187.91989 0.991501
2187.95389 0.992428
2187.9879 0.992658
2188.0219 0.99247
2188.05591 0.991851
2188.08991 0.99049
2188.12392 0.98726
2188.15793 0.977969
2188.19193 0.952827
2188.22594 0.919844
2188.25995 0.92024
2188.29396 0.952064
2188.32797 0.975699
2188.36198 0.986116
2188.39599 0.990575
2188.43 0.992361
2188.46401 0.993241
2188.49802 0.993753
2188.53204 0.994062
2188.56605 0.994183
2188.60006 0.993949
2188.63408 0.993606
2188.66809 0.993907
2188.70211 0.994292
2188.73612 0.994128
2188.77014 0.993121
2188.80416 0.991981
2188.83818 0.992474
2188.87219 0.993765
2188.90621 0.994338
2188.94023 0.994199
2188.97425 0.994167
2189.00827 0.994607
2189.04229 0.994882
2189.07631 0.994821
2189.11033 0.994588
2189.14436 0.99403
2189.17838 0.992494
2189.2124 0.991026
2189.24643 0.991343
2189.28045 0.992325
2189.31448 0.993687
2189.3485 0.994294
2189.38253 0.993955
2189.41655 0.993576
2189.45058 0.993687
2189.48461 0.993377
2189.51864 0.991586
2189.55266 0.9832
2189.58669 0.951991
2189.62072 0.920173
2189.65475 0.947028
2189.68878 0.979968
2189.72282 0.990728
2189.75685 0.993253
2189.79088 0.99406
2189.82491 0.99442
2189.85895 0.994609
2189.89298 0.994715
2189.92701 0.99477
2189.96105 0.994791
2189.99508 0.994781
2190.02912 0.994747
2190.06316 0.994679
2190.09719 0.994516
2190.13123 0.994064
2190.16527 0.993517
2190.19931 0.993542
2190.23335 0.993629
2190.26739 0.993219
2190.30143 0.991985
2190.33547 0.990209
2190.36951 0.988838
2190.40355 0.986009
2190.43759 0.976488
2190.47164 0.949609
2190.50568 0.909702
2190.53972 0.902165
2190.57377 0.939787
2190.60781 0.972277
2190.64186 0.985078
2190.6759 0.989695
2190.70995 0.991739
2190.744 0.99283
2190.77805 0.993487
2190.81209 0.993905
2190.84614 0.99416
2190.88019 0.994218
2190.91424 0.994004
2190.94829 0.993892
2190.98234 0.99434
2191.01639 0.994736
2191.05045 0.994888
2191.0845 0.994962
2191.11855 0.995012
2191.1526 0.995051
2191.18666 0.995084
2191.22071 0.995109
2191.25477 0.995126
2191.28882 0.995141
2191.32288 0.995163
2191.35694 0.995181
2191.39099 0.995193
2191.42505 0.995198
2191.45911 0.995191
2191.49317 0.995163
2191.52723 0.995151
2191.56129 0.995172
2191.59535 0.995172
2191.62941 0.995128
2191.66347 0.994906
2191.69753 0.994563
2191.73159 0.994571
2191.76566 0.994804
2191.79972 0.994843
2191.83379 0.994826
2191.86785 0.99497
2191.90191 0.995128
2191.93598 0.995197
2191.97005 0.995214
2192.00411 0.99523
2192.03818 0.995249
2192.07225 0.99526
2192.10632 0.995263
2192.14039 0.995261
2192.17445 0.995256
2192.20852 0.995245
2192.2426 0.99522
2192.27667 0.995161
2192.31074 0.994988
2192.34481 0.994647
2192.37888 0.994339
2192.41295 0.994205
2192.44703 0.994008
2192.4811 0.993756
2192.51518 0.994169
2192.54925 0.994685
2192.58333 0.994619
2192.6174 0.994279
2192.65148 0.99422
2192.68556 0.993752
2192.71964 0.993188
2192.75371 0.992766
2192.78779 0.991207
2192.82187 0.990643
2192.85595 0.992637
2192.89003 0.994417
2192.92411 0.995005
2192.9582 0.995139
2192.99228 0.995193
2193.02636 0.995225
2193.06044 0.99524
2193.09453 0.995246
2193.12861 0.995245
2193.1627 0.995223
2193.19678 0.995125
2193.23087 0.99486
2193.26495 0.99467
2193.29904 0.994925
2193.33313 0.995163
2193.36722 0.995221
2193.4013 0.995214
2193.43539 0.99516
2193.46948 0.995112
2193.50357 0.995161
2193.53766 0.995188
2193.57175 0.995139
2193.60585 0.994982
2193.63994 0.994737
2193.67403 0.994663
2193.70812 0.994855
2193.74222 0.995033
2193.77631 0.995106
2193.81041 0.99512
2193.8445 0.995106
2193.8786 0.995074
2193.91269 0.995007
2193.94679 0.994801
2193.98089 0.994163
2194.01499 0.99322
2194.04908 0.993148
2194.08318 0.99405
2194.11728 0.994597
2194.15138 0.994668
2194.18548 0.994618
2194.21958 0.994519
2194.25369 0.994373
2194.28779 0.994172
2194.32189 0.993891
2194.35599 0.993509
2194.3901 0.992974
2194.4242 0.992127
2194.45831 0.990638
2194.49241 0.988017
2194.52652 0.982791
2194.56062 0.968708
2194.59473 0.934643
2194.62884 0.897121
2194.66295 0.905742
2194.69706 0.945401
2194.73116 0.972021
2194.76527 0.982162
2194.79938 0.985689
2194.8335 0.985957
2194.86761 0.982072
2194.90172 0.966593
2194.93583 0.928459
2194.96994 0.897474
2195.00406 0.923719
2195.03817 0.956066
2195.07228 0.942629
2195.1064 0.906332
2195.14051 0.92345
2195.17463 0.965644
2195.20875 0.986103
2195.24286 0.991104
2195.27698 0.992568
2195.3111 0.993275
2195.34522 0.993499
2195.37934 0.993469
2195.41346 0.993511
2195.44758 0.993804
2195.4817 0.993924
2195.51582 0.993153
2195.54994 0.992169
2195.58406 0.992711
2195.61819 0.993241
2195.65231 0.992735
2195.68643 0.99214
2195.72056 0.992601
2195.75468 0.993183
2195.78881 0.993588
2195.82293 0.993224
2195.85706 0.992468
2195.89119 0.99203
2195.92532 0.992815
2195.95944 0.993626
2195.99357 0.994234
2196.0277 0.994415
2196.06183 0.993617
2196.09596 0.992585
2196.13009 0.99309
2196.16422 0.993444
2196.19836 0.991727
2196.23249 0.985659
2196.26662 0.978075
2196.30076 0.979474
2196.33489 0.986853
2196.36902 0.99158
2196.40316 0.993136
2196.43729 0.993365
2196.47143 0.992635
2196.50557 0.990136
2196.5397 0.983923
2196.57384 0.976661
2196.60798 0.975418
2196.64212 0.971069
2196.67626 0.9586
2196.7104 0.959014
2196.74454 0.975105
2196.77868 0.985654
2196.81282 0.9872
2196.84696 0.987818
2196.88111 0.990885
2196.91525 0.993183
2196.94939 0.993969
2196.98354 0.993996
2197.01768 0.993108
2197.05183 0.991212
2197.08597 0.989454
2197.12012 0.989711
2197.15426 0.99195
2197.18841 0.993317
2197.22256 0.993495
2197.25671 0.993106
2197.29086 0.990941
2197.32501 0.986186
2197.35916 0.983793
2197.39331 0.987589
2197.42746 0.991487
2197.46161 0.991916
2197.49576 0.988277
2197.52991 0.981907
2197.56407 0.98121
2197.59822 0.987408
2197.63237 0.991318
2197.66653 0.992021
2197.70068 0.99211
2197.73484 0.990499
2197.769 0.988302
2197.80315 0.989719
2197.83731 0.992064
2197.87147 0.992823
2197.90563 0.992738
2197.93979 0.99228
2197.97394 0.991457
2198.0081 0.989637
2198.04227 0.985544
2198.07643 0.980888
2198.11059 0.978038
2198.14475 0.971228
2198.17891 0.951016
2198.21308 0.890771
2198.24724 0.787615
2198.2814 0.748702
2198.31557 0.830517
2198.34973 0.896807
2198.3839 0.903509
2198.41807 0.914263
2198.45223 0.946129
2198.4864 0.966523
2198.52057 0.972308
2198.55474 0.975565
2198.58891 0.974464
2198.62308 0.964993
2198.65725 0.954692
2198.69142 0.960617
2198.72559 0.969764
2198.75976 0.973196
2198.79393 0.979065
2198.8281 0.985101
2198.86228 0.981623
2198.89645 0.970673
2198.93063 0.96626
2198.9648 0.965668
2198.99898 0.962512
2199.03315 0.963586
2199.06733 0.967992
2199.10151 0.970117
2199.13568 0.974411
2199.16986 0.970728
2199.20404 0.962946
2199.23822 0.963396
2199.2724 0.946468
2199.30658 0.918193
2199.34076 0.926649
2199.37494 0.951078
2199.40912 0.956224
2199.4433 0.952118
2199.47749 0.938757
2199.51167 0.89958
2199.54585 0.871508
2199.58004 0.914756
2199.61422 0.943891
2199.64841 0.935023
2199.6826 0.946144
2199.71678 0.963778
2199.75097 0.955374
2199.78516 0.931958
2199.81934 0.913572
2199.85353 0.886646
2199.88772 0.897451
2199.92191 0.903777
2199.9561 0.862448
2199.99029 0.854003
2200.02448 0.88823
2200.05868 0.894836
2200.09287 0.906315
2200.12706 0.905412
2200.16126 0.845648
2200.19545 0.815394
2200.22964 0.87217
2200.26384 0.89378
2200.29803 0.888227
2200.33223 0.885717
2200.36643 0.868997
2200.40062 0.858254
2200.43482 0.839887
2200.46902 0.876051
2200.50322 0.871788
2200.53742 0.800283
2200.57162 0.808655
2200.60582 0.903181
2200.64002 0.960311
2200.67422 0.96145
2200.70842 0.914067
2200.74263 0.864081
2200.77683 0.907346
2200.81103 0.96285
2200.84524 0.983564
2200.87944 0.988695
2200.91365 0.987332
2200.94785 0.984052
2200.98206 0.986088
2201.01626 0.988435
2201.05047 0.983632
2201.08468 0.975452
2201.11889 0.974233
2201.1531 0.971271
2201.18731 0.969453
2201.22152 0.978014
2201.25573 0.985867
2201.28994 0.989093
2201.32415 0.990721
2201.35836 0.98987
2201.39257 0.983826
2201.42679 0.972273
2201.461 0.963823
2201.49522 0.9607
2201.52943 0.947079
2201.56365 0.938073
2201.59786 0.944753
2201.63208 0.948211
2201.66629 0.959951
2201.70051 0.96053
2201.73473 0.952023
2201.76895 0.954247
2201.80317 0.944539
2201.83739 0.930877
2201.87161 0.930514
2201.90583 0.943176
2201.94005 0.953397
2201.97427 0.965551
2202.00849 0.977216
2202.04271 0.97903
2202.07694 0.974654
2202.11116 0.962454
2202.14539 0.930807
2202.17961 0.901166
2202.21384 0.892351
2202.24806 0.901571
2202.28229 0.928678
2202.31652 0.94679
2202.35074 0.952753
2202.38497 0.952943
2202.4192 0.956366
2202.45343 0.948894
2202.48766 0.938341
2202.52189 0.958667
2202.55612 0.978541
2202.59035 0.979219
2202.62458 0.961708
2202.65881 0.936141
2202.69305 0.930527
2202.72728 0.937286
2202.76151 0.939794
2202.79575 0.952318
2202.82998 0.96789
2202.86422 0.976799
2202.89846 0.980875
2202.93269 0.977403
2202.96693 0.968574
2203.00117 0.957224
2203.0354 0.944418
2203.06964 0.95415
2203.10388 0.97379
2203.13812 0.978443
2203.17236 0.973941
2203.2066 0.969428
2203.24084 0.961153
2203.27509 0.96429
2203.30933 0.969892
2203.34357 0.967307
2203.37782 0.96721
2203.41206 0.973659
2203.4463 0.981527
2203.48055 0.982178
2203.51479 0.979883
2203.54904 0.980871
2203.58329 0.985276
2203.61753 0.987821
2203.65178 0.984676
2203.68603 0.980007
2203.72028 0.984961
2203.75453 0.991012
2203.78878 0.992881
2203.82303 0.99285
2203.85728 0.992004
2203.89153 0.990328
2203.92578 0.98646
2203.96004 0.975608
2203.99429 0.949138
2204.02854 0.920987
2204.0628 0.931094
2204.09705 0.961824
2204.13131 0.980399
2204.16556 0.986772
2204.19982 0.988036
2204.23407 0.987398
2204.26833 0.98723
2204.30259 0.988026
2204.33685 0.984585
2204.37111 0.975385
2204.40537 0.967811
2204.43963 0.964265
2204.47389 0.958956
2204.50815 0.948465
2204.54241 0.954982
2204.57667 0.970686
2204.61093 0.974051
2204.6452 0.967591
2204.67946 0.962823
2204.71372 0.960264
2204.74799 0.95953
2204.78225 0.944827
2204.81652 0.915237
2204.85079 0.858076
2204.88505 0.76767
2204.91932 0.768806
2204.95359 0.856326
2204.98786 0.917655
2205.02213 0.943578
2205.0564 0.954839
2205.09067 0.960769
2205.12494 0.960939
2205.15921 0.961452
2205.19348 0.967724
2205.22775 0.975519
2205.26202 0.983642
2205.2963 0.985819
2205.33057 0.97567
2205.36485 0.95275
2205.39912 0.944292
2205.4334 0.967123
2205.46767 0.985808
2205.50195 0.989627
2205.53623 0.987703
2205.5705 0.985785
2205.60478 0.982275
2205.63906 0.978369
2205.67334 0.98402
2205.70762 0.98964
2205.7419 0.990322
2205.77618 0.989992
2205.81046 0.989598
2205.84474 0.985951
2205.87903 0.970662
2205.91331 0.957516
2205.94759 0.972585
2205.98188 0.987815
2206.01616 0.991939
2206.05044 0.992896
2206.08473 0.993289
2206.11902 0.992125
2206.1533 0.989201
2206.18759 0.98813
2206.22188 0.991499
2206.25617 0.9941
2206.29045 0.994721
2206.32474 0.99478
2206.35903 0.99455
2206.39332 0.99347
2206.42761 0.990621
2206.46191 0.988598
2206.4962 0.991136
2206.53049 0.993406
2206.56478 0.993652
2206.59908 0.993186
2206.63337 0.992186
2206.66767 0.989122
2206.70196 0.978042
2206.73626 0.948325
2206.77055 0.922373
2206.80485 0.943714
2206.83915 0.973313
2206.87344 0.985598
2206.90774 0.990069
2206.94204 0.992071
2206.97634 0.993135
2207.01064 0.993297
2207.04494 0.992885
2207.07924 0.992785
2207.11354 0.992837
2207.14785 0.993108
2207.18215 0.992513
2207.21645 0.989225
2207.25076 0.981526
2207.28506 0.975792
2207.31936 0.981306
2207.35367 0.988433
2207.38797 0.99043
2207.42228 0.987231
2207.45659 0.982514
2207.4909 0.983882
2207.5252 0.982674
2207.55951 0.972017
2207.59382 0.961655
2207.62813 0.965463
2207.66244 0.978122
2207.69675 0.987763
2207.73106 0.991933
2207.76537 0.993415
2207.79969 0.994003
2207.834 0.994224
2207.86831 0.993816
2207.90263 0.992677
2207.93694 0.992377
2207.97125 0.993548
2208.00557 0.993849
2208.03989 0.991389
2208.0742 0.988332
2208.10852 0.990187
2208.14284 0.992425
2208.17715 0.99276
2208.21147 0.99358
2208.24579 0.994212
2208.28011 0.994336
2208.31443 0.994693
2208.34875 0.995052
2208.38307 0.995183
2208.4174 0.995207
2208.45172 0.995223
2208.48604 0.995227
2208.52036 0.995185
2208.55469 0.995018
2208.58901 0.994556
2208.62334 0.993926
2208.65766 0.993093
2208.69199 0.991694
2208.72632 0.991749
2208.76064 0.993155
2208.79497 0.993319
2208.8293 0.992816
2208.86363 0.993799
2208.89796 0.994777
2208.93229 0.995084
2208.96662 0.995174
2209.00095 0.99519
2209.03528 0.995139
2209.06961 0.99498
2209.10394 0.994637
2209.13828 0.994238
2209.17261 0.993759
2209.20694 0.991807
2209.24128 0.98896
2209.27561 0.989208
2209.30995 0.992095
2209.34429 0.994088
2209.37862 0.994691
2209.41296 0.994629
2209.4473 0.994423
2209.48164 0.994414
2209.51597 0.99398
2209.55031 0.993484
2209.58465 0.993494
2209.61899 0.993175
2209.65334 0.993354
2209.68768 0.994173
2209.72202 0.994568
2209.75636 0.99449
2209.7907 0.994682
2209.82505 0.994931
2209.85939 0.99502
2209.89374 0.995008
2209.92808 0.994976
2209.96243 0.99481
2209.99677 0.994599
2210.03112 0.994529
2210.06547 0.994135
2210.09982 0.993606
2210.13417 0.99373
2210.16851 0.992988
2210.20286 0.991001
2210.23721 0.989712
2210.27156 0.989295
2210.30592 0.986314
2210.34027 0.974161
2210.37462 0.958193
2210.40897 0.959742
2210.44333 0.976563
2210.47768 0.987647
2210.51203 0.990864
2210.54639 0.992728
2210.58074 0.99366
2210.6151 0.993793
2210.64946 0.994275
2210.68381 0.994722
2210.71817 0.994915
2210.75253 0.994972
2210.78689 0.994899
2210.82125 0.994564
2210.85561 0.994183
2210.88997 0.994313
2210.92433 0.994377
2210.95869 0.993625
2210.99305 0.991596
2211.02741 0.989318
2211.06178 0.98785
2211.09614 0.981024
2211.1305 0.963128
2211.16487 0.951756
2211.19923 0.95137
2211.2336 0.937907
2211.26796 0.945572
2211.30233 0.973175
2211.3367 0.987796
2211.37107 0.990204
2211.40543 0.991238
2211.4398 0.993059
2211.47417 0.994086
2211.50854 0.994506
2211.54291 0.99461
2211.57728 0.994218
2211.61165 0.993708
2211.64603 0.993179
2211.6804 0.991919
2211.71477 0.991902
2211.74914 0.993439
2211.78352 0.994223
2211.81789 0.994246
2211.85227 0.994468
2211.88664 0.994475
2211.92102 0.99295
2211.9554 0.990837
2211.98977 0.991642
2212.02415 0.992935
2212.05853 0.99325
2212.09291 0.993786
2212.12729 0.993671
2212.16167 0.993
2212.19605 0.993028
2212.23043 0.993988
2212.26481 0.994781
2212.29919 0.994875
2212.33358 0.994521
2212.36796 0.994387
2212.40234 0.994723
2212.43673 0.994767
2212.47111 0.994483
2212.5055 0.994364
2212.53988 0.994134
2212.57427 0.993847
2212.60866 0.993208
2212.64304 0.991685
2212.67743 0.990316
2212.71182 0.98954
2212.74621 0.990806
2212.7806 0.992027
2212.81499 0.991679
2212.84938 0.992099
2212.88377 0.992837
2212.91816 0.993926
2212.95256 0.994564
2212.98695 0.99442
2213.02134 0.994398
2213.05574 0.994858
2213.09013 0.995152
2213.12453 0.995158
2213.15892 0.99509
2213.19332 0.994925
2213.22771 0.99456
2213.26211 0.994187
2213.29651 0.99354
2213.33091 0.992984
2213.3653 0.993497
2213.3997 0.99393
2213.4341 0.992474
2213.4685 0.990616
2213.5029 0.991814
2213.53731 0.992826
2213.57171 0.992846
2213.60611 0.993157
2213.64051 0.993108
2213.67492 0.992186
2213.70932 0.992013
2213.74373 0.992437
2213.77813 0.991412
2213.81254 0.990823
2213.84694 0.992219
2213.88135 0.993176
2213.91576 0.991305
2213.95016 0.987932
2213.98457 0.988403
2214.01898 0.991585
2214.05339 0.992751
2214.0878 0.991129
2214.12221 0.990237
2214.15662 0.992453
2214.19103 0.993898
2214.22545 0.993295
2214.25986 0.992029
2214.29427 0.99135
2214.32868 0.989279
2214.3631 0.987455
2214.39751 0.990514
2214.43193 0.993566
2214.46634 0.994449
2214.50076 0.994296
2214.53518 0.993575
2214.56959 0.993083
2214.60401 0.993293
2214.63843 0.993436
2214.67285 0.992751
2214.70727 0.99053
2214.74169 0.984014
2214.77611 0.970393
2214.81053 0.959568
2214.84495 0.964544
2214.87938 0.967139
2214.9138 0.9518
2214.94822 0.945616
2214.98265 0.968079
2215.01707 0.98524
2215.05149 0.990252
2215.08592 0.992555
2215.12035 0.99364
2215.15477 0.993576
2215.1892 0.992924
2215.22363 0.992877
2215.25806 0.993859
2215.29248 0.99453
2215.32691 0.994452
2215.36134 0.993441
2215.39577 0.991769
2215.4302 0.991633
2215.46463 0.993063
2215.49907 0.993682
2215.5335 0.993613
2215.56793 0.99373
2215.60237 0.993651
2215.6368 0.993102
2215.67123 0.991362
2215.70567 0.989855
2215.7401 0.989766
2215.77454 0.98959
2215.80898 0.990174
2215.84341 0.989238
2215.87785 0.983445
2215.91229 0.960505
2215.94673 0.897977
2215.98117 0.843264
2216.01561 0.883515
2216.05005 0.93995
2216.08449 0.968999
2216.11893 0.982994
2216.15337 0.98845
2216.18782 0.989655
2216.22226 0.988748
2216.2567 0.984495
2216.29115 0.968026
2216.32559 0.932302
2216.36004 0.91344
2216.39448 0.947045
2216.42893 0.971388
2216.46338 0.954304
2216.49782 0.917718
2216.53227 0.920392
2216.56672 0.952513
2216.60117 0.960379
2216.63562 0.911141
2216.67007 0.854486
2216.70452 0.901582
2216.73897 0.963282
2216.77342 0.985165
2216.80787 0.990461
2216.84233 0.99223
2216.87678 0.993209
2216.91123 0.993436
2216.94569 0.993174
2216.98014 0.993356
2217.0146 0.993848
2217.04905 0.994346
2217.08351 0.994733
2217.11797 0.994881
2217.15242 0.994799
2217.18688 0.994614
2217.22134 0.994245
2217.2558 0.993675
2217.29026 0.993298
2217.32472 0.990898
2217.35918 0.987802
2217.39364 0.990038
2217.4281 0.993135
2217.46257 0.994052
2217.49703 0.99421
2217.53149 0.993849
2217.56596 0.992894
2217.60042 0.990717
2217.63489 0.989012
2217.66935 0.991538
2217.70382 0.993533
2217.73828 0.992882
2217.77275 0.988896
2217.80722 0.983477
2217.84169 0.984152
2217.87616 0.989513
2217.91063 0.990553
2217.9451 0.984354
2217.97957 0.978008
2218.01404 0.981633
2218.04851 0.985419
2218.08298 0.984401
2218.11745 0.984294
2218.15193 0.986338
2218.1864 0.99003
2218.22087 0.991911
2218.25535 0.990845
2218.28982 0.986736
2218.3243 0.982979
2218.35878 0.987839
2218.39325 0.992511
2218.42773 0.992269
2218.46221 0.987737
2218.49669 0.982451
2218.53116 0.983784
2218.56564 0.988927
2218.60012 0.991254
2218.6346 0.991064
2218.66909 0.98996
2218.70357 0.983743
2218.73805 0.976049
2218.77253 0.980456
2218.80702 0.989453
2218.8415 0.993506
2218.87598 0.994218
2218.91047 0.993713
2218.94495 0.991747
2218.97944 0.990233
2219.01393 0.992336
2219.04841 0.994373
2219.0829 0.994674
2219.11739 0.993064
2219.15188 0.990892
2219.18637 0.992128
2219.22086 0.993632
2219.25535 0.993839
2219.28984 0.993675
2219.32433 0.992936
2219.35882 0.990337
2219.39331 0.988586
2219.42781 0.990671
2219.4623 0.992328
2219.49679 0.992642
2219.53129 0.991593
2219.56578 0.990894
2219.60028 0.991075
2219.63477 0.991097
2219.66927 0.991541
2219.70377 0.990107
2219.73827 0.985976
2219.77276 0.983353
2219.80726 0.986445
2219.84176 0.990313
2219.87626 0.990738
2219.91076 0.989735
2219.94526 0.99118
2219.97976 0.992168
2220.01427 0.990313
2220.04877 0.988234
2220.08327 0.990127
2220.11778 0.992441
2220.15228 0.993496
2220.18678 0.994061
2220.22129 0.993972
2220.2558 0.993946
2220.2903 0.994313
2220.32481 0.994191
2220.35932 0.993614
2220.39382 0.993327
2220.42833 0.992241
2220.46284 0.991216
2220.49735 0.991911
2220.53186 0.990446
2220.56637 0.981921
2220.60088 0.968336
2220.63539 0.963016
2220.66991 0.971312
2220.70442 0.983924
2220.73893 0.987007
2220.77345 0.983445
2220.80796 0.983901
2220.84248 0.986439
2220.87699 0.990517
2220.91151 0.993176
2220.94602 0.993033
2220.98054 0.989293
2221.01506 0.984557
2221.04958 0.986876
2221.08409 0.991595
2221.11861 0.993561
2221.15313 0.993698
2221.18765 0.993109
2221.22217 0.99227
2221.2567 0.991135
2221.29122 0.987724
2221.32574 0.977708
2221.36026 0.94305
2221.39479 0.876805
2221.42931 0.857621
2221.46384 0.921609
2221.49836 0.962092
2221.53289 0.93968
2221.56741 0.883131
2221.60194 0.872543
2221.63647 0.924104
2221.67099 0.9696
2221.70552 0.986278
2221.74005 0.990288
2221.77458 0.990748
2221.80911 0.989787
2221.84364 0.987758
2221.87817 0.977348
2221.9127 0.938651
2221.94723 0.900155
2221.98177 0.93281
2222.0163 0.973477
2222.05083 0.9867
2222.08537 0.988464
2222.1199 0.989152
2222.15444 0.990536
2222.18897 0.990691
2222.22351 0.990438
2222.25805 0.990502
2222.29258 0.992121
2222.32712 0.992454
2222.36166 0.99177
2222.3962 0.992919
2222.43074 0.993872
2222.46528 0.993607
2222.49982 0.99204
2222.53436 0.988917
2222.5689 0.986438
2222.60345 0.984577
2222.63799 0.983189
2222.67253 0.983893
2222.70708 0.988198
2222.74162 0.991472
2222.77617 0.992353
2222.81071 0.992974
2222.84526 0.993432
2222.8798 0.992863
2222.91435 0.98968
2222.9489 0.984126
2222.98345 0.982064
2223.01799 0.985493
2223.05254 0.987917
2223.08709 0.988228
2223.12164 0.989901
2223.15619 0.991437
2223.19075 0.993301
2223.2253 0.994547
2223.25985 0.994886
2223.2944 0.994912
2223.32896 0.994762
2223.36351 0.993978
2223.39807 0.99075
2223.43262 0.986528
2223.46718 0.98712
2223.50173 0.989745
2223.53629 0.992517
2223.57085 0.993861
2223.6054 0.993011
2223.63996 0.988205
2223.67452 0.98052
2223.70908 0.977773
2223.74364 0.979616
2223.7782 0.982702
2223.81276 0.985667
2223.84732 0.989575
2223.88189 0.991008
2223.91645 0.989232
2223.95101 0.986439
2223.98558 0.984745
2224.02014 0.981283
2224.0547 0.9813
2224.08927 0.985751
2224.12384 0.981323
2224.1584 0.97194
2224.19297 0.978029
2224.22754 0.988672
2224.2621 0.993209
2224.29667 0.994409
2224.33124 0.994757
2224.36581 0.994799
2224.40038 0.994692
2224.43495 0.994612
2224.46952 0.994649
2224.5041 0.994131
2224.53867 0.991547
2224.57324 0.988306
2224.60781 0.989694
2224.64239 0.992314
2224.67696 0.991399
2224.71154 0.983058
2224.74611 0.971299
2224.78069 0.973741
2224.81527 0.985485
2224.84984 0.991087
2224.88442 0.990173
2224.919 0.988516
2224.95358 0.98929
2224.98816 0.98969
2225.02274 0.989548
2225.05732 0.988785
2225.0919 0.988908
2225.12648 0.983848
2225.16106 0.957939
2225.19564 0.916492
2225.23023 0.918982
2225.26481 0.960839
2225.2994 0.985414
2225.33398 0.989646
2225.36857 0.988845
2225.40315 0.989078
2225.43774 0.988338
2225.47232 0.988359
2225.50691 0.990619
2225.5415 0.992817
2225.57609 0.994136
2225.61068 0.994585
2225.64527 0.994373
2225.67986 0.993419
2225.71445 0.990211
2225.74904 0.978532
2225.78363 0.965424
2225.81822 0.974326
2225.85281 0.984965
2225.88741 0.983843
2225.922 0.982008
2225.9566 0.987171
2225.99119 0.990658
2226.02579 0.98653
2226.06038 0.97801
2226.09498 0.978451
2226.12958 0.987343
2226.16417 0.992764
2226.19877 0.993989
2226.23337 0.994049
2226.26797 0.993495
2226.30257 0.992382
2226.33717 0.990251
2226.37177 0.981995
2226.40637 0.972413
2226.44097 0.977533
2226.47558 0.984203
2226.51018 0.983639
2226.54478 0.96991
2226.57939 0.919454
2226.61399 0.850545
2226.6486 0.859053
2226.6832 0.92957
2226.71781 0.974259
2226.75241 0.986342
2226.78702 0.98712
2226.82163 0.983111
2226.85624 0.979167
2226.89085 0.981732
2226.92546 0.988007
2226.96007 0.990958
2226.99468 0.990647
2227.02929 0.987014
2227.0639 0.972547
2227.09851 0.950519
2227.13312 0.936017
2227.16774 0.899649
2227.20235 0.853787
2227.23697 0.882984
2227.27158 0.945077
2227.3062 0.97417
2227.34081 0.984711
2227.37543 0.990524
2227.41004 0.992817
2227.44466 0.993535
2227.47928 0.993455
2227.5139 0.991783
2227.54852 0.986315
2227.58314 0.981234
2227.61776 0.984696
2227.65238 0.985947
2227.687 0.983651
2227.72162 0.987291
2227.75624 0.990111
2227.79087 0.984492
2227.82549 0.97521
2227.86011 0.977853
2227.89474 0.986501
2227.92936 0.990947
2227.96399 0.992205
2227.99862 0.991436
2228.03324 0.987934
2228.06787 0.984438
2228.1025 0.982938
2228.13713 0.979021
2228.17175 0.981266
2228.20638 0.987392
2228.24101 0.987261
2228.27564 0.979604
2228.31027 0.972575
2228.34491 0.975704
2228.37954 0.979584
2228.41417 0.978165
2228.4488 0.978364
2228.48344 0.983945
2228.51807 0.989095
2228.55271 0.992597
2228.58734 0.994204
2228.62198 0.994347
2228.65661 0.993649
2228.69125 0.992746
2228.72589 0.991731
2228.76053 0.988604
2228.79516 0.987189
2228.8298 0.990827
2228.86444 0.99355
2228.89908 0.994363
2228.93372 0.994563
2228.96836 0.994209
2229.00301 0.992418
2229.03765 0.985752
2229.07229 0.974738
2229.10693 0.973241
2229.14158 0.984099
2229.17622 0.990557
2229.21087 0.988428
2229.24551 0.982917
2229.28016 0.982565
2229.31481 0.987843
2229.34945 0.992475
2229.3841 0.994317
2229.41875 0.994721
2229.4534 0.9945
2229.48805 0.992906
2229.5227 0.988266
2229.55735 0.984891
2229.592 0.989461
2229.62665 0.993707
2229.6613 0.994806
2229.69595 0.995061
2229.73061 0.995164
2229.76526 0.99519
2229.79991 0.995142
2229.83457 0.994882
2229.86922 0.993939
2229.90388 0.992591
2229.93854 0.991813
2229.97319 0.989898
2230.00785 0.986199
2230.04251 0.984638
2230.07717 0.987859
2230.11182 0.989726
2230.14648 0.991774
2230.18114 0.993454
2230.2158 0.993696
2230.25047 0.99246
2230.28513 0.987396
2230.31979 0.976311
2230.35445 0.969454
2230.38912 0.979813
2230.42378 0.989878
2230.45844 0.992373
2230.49311 0.992841
2230.52777 0.992928
2230.56244 0.990644
2230.59711 0.985606
2230.63177 0.982678
2230.66644 0.982942
2230.70111 0.974903
2230.73578 0.958597
2230.77045 0.958309
2230.80512 0.973894
2230.83979 0.984878
2230.87446 0.990278
2230.90913 0.992185
2230.9438 0.989734
2230.97847 0.979945
2231.01315 0.971208
2231.04782 0.979858
2231.08249 0.988807
2231.11717 0.988344
2231.15184 0.98414
2231.18652 0.985111
2231.2212 0.988726
2231.25587 0.98564
2231.29055 0.976764
2231.32523 0.975408
2231.35991 0.979248
2231.39458 0.977891
2231.42926 0.978131
2231.46394 0.981892
2231.49862 0.980872
2231.53331 0.961254
2231.56799 0.88536
2231.60267 0.785927
2231.63735 0.813799
2231.67203 0.914831
2231.70672 0.969144
2231.7414 0.980722
2231.77609 0.976415
2231.81077 0.968819
2231.84546 0.974815
2231.88015 0.984899
2231.91483 0.986889
2231.94952 0.985823
2231.98421 0.988473
2232.0189 0.987806
2232.05359 0.984682
2232.08827 0.987437
2232.12297 0.990684
2232.15766 0.991547
2232.19235 0.990687
2232.22704 0.987333
2232.26173 0.974662
2232.29642 0.92724
2232.33112 0.857592
2232.36581 0.851901
2232.40051 0.879701
2232.4352 0.892423
2232.4699 0.910044
2232.50459 0.914018
2232.53929 0.943607
2232.57399 0.973232
2232.60868 0.984772
2232.64338 0.988943
2232.67808 0.990469
2232.71278 0.991169
2232.74748 0.990634
2232.78218 0.987923
2232.81688 0.978755
2232.85158 0.967644
2232.88629 0.971816
2232.92099 0.984614
2232.95569 0.990815
2232.9904 0.988987
2233.0251 0.98124
2233.0598 0.974003
2233.09451 0.973003
2233.12922 0.974252
2233.16392 0.975504
2233.19863 0.980169
2233.23334 0.988011
2233.26804 0.992745
2233.30275 0.994096
2233.33746 0.994343
2233.37217 0.994175
2233.40688 0.993864
2233.44159 0.993712
2233.4763 0.993412
2233.51101 0.992413
2233.54573 0.98923
2233.58044 0.975772
2233.61515 0.929344
2233.64987 0.864058
2233.68458 0.868868
2233.7193 0.937377
2233.75401 0.978739
2233.78873 0.987585
2233.82344 0.98908
2233.85816 0.990574
2233.89288 0.990785
2233.9276 0.985577
2233.96232 0.978473
2233.99704 0.982109
2234.03176 0.989283
2234.06648 0.992781
2234.1012 0.993648
2234.13592 0.993277
2234.17064 0.99247
2234.20536 0.991352
2234.24009 0.987041
2234.27481 0.977768
2234.30953 0.967109
2234.34426 0.965889
2234.37898 0.97757
2234.41371 0.988016
2234.44844 0.991612
2234.48316 0.992153
2234.51789 0.991943
2234.55262 0.989922
2234.58735 0.982494
2234.62208 0.965584
2234.65681 0.95614
2234.69154 0.971063
2234.72627 0.986835
2234.761 0.992518
2234.79573 0.993823
2234.83046 0.993727
2234.86519 0.993316
2234.89993 0.993758
2234.93466 0.994218
2234.9694 0.994102
2235.00413 0.993747
2235.03887 0.993072
2235.0736 0.990114
2235.10834 0.978754
2235.14308 0.954213
2235.17781 0.938939
2235.21255 0.9538
2235.24729 0.968834
2235.28203 0.981663
2235.31677 0.986567
2235.35151 0.98442
2235.38625 0.986646
2235.42099 0.990057
2235.45573 0.989091
2235.49048 0.987633
2235.52522 0.990627
2235.55996 0.992288
2235.59471 0.990925
2235.62945 0.989635
2235.6642 0.989307
2235.69894 0.988665
2235.73369 0.980306
2235.76844 0.963775
2235.80318 0.960058
2235.83793 0.974634
2235.87268 0.985817
2235.90743 0.986823
2235.94218 0.973766
2235.97693 0.953131
2236.01168 0.954801
2236.04643 0.964672
2236.08118 0.95136
2236.11594 0.939447
2236.15069 0.963862
2236.18544 0.985522
2236.2202 0.990735
2236.25495 0.989263
2236.2897 0.978809
2236.32446 0.958973
2236.35922 0.946528
2236.39397 0.951287
2236.42873 0.969429
2236.46349 0.975745
2236.49825 0.95177
2236.533 0.911429
2236.56776 0.899356
2236.60252 0.91198
2236.63728 0.953683
2236.67204 0.981305
2236.70681 0.987081
2236.74157 0.987623
2236.77633 0.985753
2236.81109 0.978388
2236.84586 0.972295
2236.88062 0.980342
2236.91539 0.98439
2236.95015 0.980992
2236.98492 0.978307
2237.01968 0.97484
2237.05445 0.979112
2237.08922 0.986663
2237.12399 0.991064
2237.15875 0.991167
2237.19352 0.989325
2237.22829 0.989681
2237.26306 0.98868
2237.29783 0.983623
2237.3326 0.980246
2237.36738 0.979994
2237.40215 0.969021
2237.43692 0.932035
2237.47169 0.903617
2237.50647 0.925435
2237.54124 0.945065
2237.57602 0.957352
2237.61079 0.959781
2237.64557 0.951867
2237.68035 0.966091
2237.71512 0.983767
2237.7499 0.990033
2237.78468 0.990476
2237.81946 0.985961
2237.85424 0.96498
2237.88902 0.926607
2237.9238 0.915277
2237.95858 0.935382
2237.99336 0.942962
2238.02814 0.956332
2238.06292 0.964143
2238.09771 0.956083
2238.13249 0.958466
2238.16727 0.975394
2238.20206 0.986133
2238.23684 0.986261
2238.27163 0.975702
2238.30642 0.95958
2238.3412 0.961638
2238.37599 0.979615
2238.41078 0.990152
2238.44557 0.991921
2238.48036 0.991969
2238.51514 0.993105
2238.54994 0.994079
2238.58473 0.994182
2238.61952 0.993944
2238.65431 0.993442
2238.6891 0.991314
2238.72389 0.983601
2238.75869 0.976473
2238.79348 0.98319
2238.82828 0.99072
2238.86307 0.993414
2238.89787 0.993972
2238.93266 0.993651
2238.96746 0.993291
2239.00226 0.993186
2239.03705 0.991808
2239.07185 0.987359
2239.10665 0.983395
2239.14145 0.985092
2239.17625 0.98907
2239.21105 0.988471
2239.24585 0.983155
2239.28065 0.980631
2239.31545 0.984807
2239.35026 0.986559
2239.38506 0.984386
2239.41986 0.986622
2239.45467 0.990262
2239.48947 0.992485
2239.52428 0.992386
2239.55908 0.991051
2239.59389 0.989842
2239.6287 0.983884
2239.6635 0.971354
2239.69831 0.947453
2239.73312 0.923381
2239.76793 0.946838
2239.80274 0.978228
2239.83755 0.990073
2239.87236 0.992986
2239.90717 0.993861
2239.94198 0.9942
2239.97679 0.994302
2240.01161 0.99424
2240.04642 0.994014
2240.08123 0.993543
2240.11605 0.992558
2240.15086 0.989926
2240.18568 0.981018
2240.22049 0.95568
2240.25531 0.908278
2240.29013 0.855102
2240.32495 0.850999
2240.35976 0.921207
2240.39458 0.972911
2240.4294 0.986912
2240.46422 0.988326
2240.49904 0.980603
2240.53386 0.963341
2240.56868 0.956507
2240.60351 0.970717
2240.63833 0.980349
2240.67315 0.98196
2240.70798 0.979967
2240.7428 0.975978
2240.77762 0.980434
2240.81245 0.98486
2240.84728 0.986618
2240.8821 0.990028
2240.91693 0.991158
2240.95176 0.987228
2240.98658 0.975365
2241.02141 0.96272
2241.05624 0.967127
2241.09107 0.977933
2241.1259 0.978397
2241.16073 0.971005
2241.19556 0.95868
2241.2304 0.945681
2241.26523 0.961163
2241.30006 0.979383
2241.33489 0.983725
2241.36973 0.973554
2241.40456 0.950045
2241.4394 0.928309
2241.47423 0.91599
2241.50907 0.909874
2241.54391 0.898692
2241.57874 0.935343
2241.61358 0.967541
2241.64842 0.960761
2241.68326 0.946142
2241.7181 0.962724
2241.75294 0.981755
2241.78778 0.988758
2241.82262 0.989998
2241.85746 0.988796
2241.8923 0.9891
2241.92714 0.990239
2241.96199 0.99126
2241.99683 0.991863
2242.03167 0.993056
2242.06652 0.993746
2242.10136 0.993423
2242.13621 0.992516
2242.17106 0.990328
2242.2059 0.989251
2242.24075 0.991341
2242.2756 0.992748
2242.31045 0.9917
2242.3453 0.98475
2242.38015 0.959771
2242.415 0.931636
2242.44985 0.942836
2242.4847 0.964798
2242.51955 0.982219
2242.5544 0.990826
2242.58925 0.992673
2242.62411 0.992466
2242.65896 0.991508
2242.69382 0.990601
2242.72867 0.987584
2242.76353 0.980956
2242.79838 0.97473
2242.83324 0.965703
2242.8681 0.951349
2242.90296 0.942777
2242.93781 0.945163
2242.97267 0.959678
2243.00753 0.979752
2243.04239 0.990438
2243.07725 0.993207
2243.11211 0.993958
2243.14697 0.994153
2243.18184 0.993891
2243.2167 0.993189
2243.25156 0.992163
2243.28643 0.989212
2243.32129 0.979121
2243.35615 0.965641
2243.39102 0.967866
2243.42589 0.980134
2243.46075 0.982155
2243.49562 0.977478
2243.53049 0.979125
2243.56535 0.97924
2243.60022 0.969029
2243.63509 0.960082
2243.66996 0.96544
2243.70483 0.96676
2243.7397 0.951388
2243.77457 0.9319
2243.80945 0.922721
2243.84432 0.941547
2243.87919 0.968778
2243.91406 0.976321
2243.94894 0.952687
2243.98381 0.891142
2244.01869 0.844382
2244.05356 0.87918
2244.08844 0.941398
2244.12332 0.970737
2244.15819 0.974059
2244.19307 0.972553
2244.22795 0.968668
2244.26283 0.93089
2244.29771 0.865009
2244.33259 0.86524
2244.36747 0.930591
2244.40235 0.974067
2244.43723 0.987033
2244.47211 0.990929
2244.507 0.992274
2244.54188 0.992655
2244.57676 0.993033
2244.61165 0.993324
2244.64653 0.993344
2244.68142 0.993456
2244.7163 0.993588
2244.75119 0.994158
2244.78608 0.994767
2244.82096 0.995031
2244.85585 0.99509
2244.89074 0.995057
2244.92563 0.994911
2244.96052 0.994638
2244.99541 0.994248
2245.0303 0.993648
2245.06519 0.992799
2245.10008 0.989333
2245.13498 0.976906
2245.16987 0.962057
2245.20476 0.968403
2245.23966 0.983469
2245.27455 0.990947
2245.30945 0.993225
2245.34434 0.993515
2245.37924 0.992376
2245.41414 0.990276
2245.44903 0.988047
2245.48393 0.986475
2245.51883 0.985558
2245.55373 0.9831
2245.58863 0.978284
2245.62353 0.977193
2245.65843 0.98081
2245.69333 0.986298
2245.72823 0.990114
2245.76313 0.990401
2245.79804 0.986769
2245.83294 0.978245
2245.86784 0.966465
2245.90275 0.954514
2245.93765 0.934649
2245.97256 0.913566
2246.00746 0.916763
2246.04237 0.921043
2246.07728 0.909703
2246.11218 0.918529
2246.14709 0.943817
2246.182 0.95638
2246.21691 0.946427
2246.25182 0.933556
2246.28673 0.9465
2246.32164 0.954477
2246.35655 0.953023
2246.39146 0.969359
2246.42638 0.97927
2246.46129 0.964261
2246.4962 0.933099
2246.53112 0.928686
2246.56603 0.957416
2246.60095 0.969996
2246.63586 0.965663
2246.67078 0.968459
2246.7057 0.969165
2246.74061 0.970243
2246.77553 0.967362
2246.81045 0.947119
2246.84537 0.927251
2246.88029 0.923864
2246.91521 0.944622
2246.95013 0.966864
2246.98505 0.971726
2247.01997 0.97033
2247.05489 0.962289
2247.08982 0.913515
2247.12474 0.825673
2247.15966 0.803435
2247.19459 0.84071
2247.22951 0.809313
2247.26444 0.768243
2247.29937 0.830298
2247.33429 0.903164
2247.36922 0.953922
2247.40415 0.977925
2247.43908 0.97756
2247.474 0.955658
2247.50893 0.934363
2247.54386 0.952461
2247.57879 0.971874
2247.61372 0.978586
2247.64866 0.984039
2247.68359 0.986279
2247.71852 0.988325
2247.75345 0.990729
2247.78839 0.992485
2247.82332 0.9929
2247.85826 0.992548
2247.89319 0.990902
2247.92813 0.982992
2247.96306 0.971034
2247.998 0.970887
2248.03294 0.97982
2248.06788 0.984371
2248.10281 0.986386
2248.13775 0.990552
2248.17269 0.993345
2248.20763 0.993764
2248.24257 0.992012
2248.27752 0.987232
2248.31246 0.982934
2248.3474 0.981252
2248.38234 0.979484
2248.41729 0.984809
2248.45223 0.988589
2248.48717 0.985172
2248.52212 0.982508
2248.55707 0.987116
2248.59201 0.991052
2248.62696 0.991378
2248.66191 0.988821
2248.69685 0.985834
2248.7318 0.984195
2248.76675 0.983218
2248.8017 0.983999
2248.83665 0.983772
2248.8716 0.980066
2248.90655 0.974555
2248.9415 0.975797
2248.97645 0.981594
2249.01141 0.984255
2249.04636 0.982018
2249.08131 0.976464
2249.11627 0.967714
2249.15122 0.954337
2249.18618 0.953398
2249.22113 0.973286
2249.25609 0.987853
2249.29105 0.990536
2249.32601 0.987122
2249.36096 0.983604
2249.39592 0.986481
2249.43088 0.989548
2249.46584 0.990112
2249.5008 0.991005
2249.53576 0.991414
2249.57072 0.990219
2249.60569 0.982648
2249.64065 0.95703
2249.67561 0.926789
2249.71057 0.920689
2249.74554 0.907928
2249.7805 0.917965
2249.81547 0.957452
2249.85043 0.981688
2249.8854 0.988369
2249.92037 0.988895
2249.95533 0.959808
2249.9903 0.726506
