# Obtained using Skycalc tool from ESO webpage
# Water vapour content 2.5 mm
Wave[nm] Transmission[no-units]
700 0.691038
700.255335 0.914857
700.510762 0.941818
700.766283 0.940595
701.021898 0.942236
701.277605 0.943156
701.533406 0.942724
701.7893 0.940834
702.045287 0.942905
702.301368 0.94383
702.557542 0.941587
702.813809 0.940912
703.070171 0.943048
703.326625 0.946398
703.583173 0.946951
703.839815 0.944428
704.09655 0.943587
704.353379 0.945911
704.610302 0.947291
704.867318 0.9471
705.124428 0.945737
705.381632 0.944228
705.63893 0.945597
705.896321 0.946345
706.153807 0.946703
706.411386 0.946772
706.669059 0.946722
706.926827 0.947625
707.184688 0.948236
707.442643 0.947991
707.700693 0.947631
707.958836 0.947226
708.217074 0.947836
708.475406 0.948812
708.733832 0.948745
708.992353 0.948314
709.250968 0.948698
709.509677 0.949044
709.76848 0.948978
710.027378 0.94885
710.28637 0.948926
710.545457 0.948943
710.804638 0.948923
711.063914 0.949226
711.323284 0.949619
711.582749 0.949976
711.842309 0.949793
712.101963 0.949422
712.361712 0.949782
712.621556 0.950148
712.881495 0.949893
713.141528 0.949501
713.401656 0.949669
713.661879 0.949757
713.922197 0.949515
714.18261 0.949583
714.443118 0.949601
714.703721 0.949291
714.964419 0.948175
715.225213 0.947849
715.486101 0.948757
715.747084 0.948681
716.008163 0.948227
716.269337 0.947656
716.530606 0.944817
716.79197 0.939255
717.05343 0.930677
717.314985 0.92188
717.576636 0.910593
717.838382 0.911146
718.100223 0.921084
718.36216 0.912002
718.624193 0.892556
718.886321 0.89132
719.148545 0.910657
719.410864 0.905042
719.673279 0.902244
719.93579 0.905599
720.198396 0.904838
720.461099 0.909548
720.723897 0.908748
720.986791 0.926673
721.249781 0.939094
721.512867 0.943698
721.776048 0.943951
722.039326 0.946039
722.3027 0.945801
722.56617 0.939955
722.829736 0.939912
723.093398 0.938756
723.357156 0.921482
723.621011 0.906426
723.884961 0.913997
724.149009 0.917971
724.413152 0.918817
724.677392 0.917888
724.941728 0.928036
725.20616 0.923678
725.470689 0.913042
725.735315 0.928462
726.000037 0.935029
726.264855 0.932891
726.52977 0.925467
726.794782 0.923062
727.05989 0.935294
727.325096 0.935638
727.590397 0.916294
727.855796 0.907544
728.121292 0.9262
728.386884 0.941128
728.652573 0.941395
728.918359 0.928815
729.184242 0.922187
729.450222 0.929145
729.716299 0.938213
729.982473 0.943055
730.248744 0.933797
730.515113 0.925037
730.781578 0.934223
731.048141 0.937956
731.314801 0.939828
731.581558 0.939985
731.848413 0.936979
732.115364 0.938889
732.382414 0.9463
732.64956 0.948789
732.916804 0.947863
733.184146 0.947372
733.451585 0.946802
733.719121 0.949637
733.986756 0.953156
734.254487 0.953238
734.522317 0.951989
734.790244 0.950858
735.058269 0.949985
735.326391 0.951593
735.594612 0.952195
735.86293 0.951465
736.131346 0.951133
736.39986 0.950853
736.668473 0.950431
736.937183 0.951162
737.205991 0.951611
737.474897 0.953036
737.743901 0.954459
738.013003 0.954424
738.282203 0.953677
738.551502 0.953065
738.820899 0.954621
739.090394 0.954714
739.359988 0.953943
739.629679 0.954464
739.899469 0.954402
740.169358 0.95556
740.439345 0.956434
740.70943 0.956354
740.979614 0.956096
741.249897 0.956001
741.520278 0.956457
741.790758 0.95665
742.061336 0.956855
742.332013 0.956743
742.602789 0.956595
742.873664 0.956852
743.144637 0.957265
743.41571 0.957428
743.686881 0.957448
743.958151 0.957399
744.22952 0.957341
744.500988 0.957482
744.772555 0.95764
745.044221 0.957678
745.315986 0.957661
745.58785 0.957703
745.859814 0.957745
746.131877 0.957785
746.404038 0.957884
746.6763 0.957938
746.94866 0.957942
747.22112 0.957992
747.493679 0.958068
747.766338 0.958118
748.039096 0.958163
748.311954 0.95823
748.584911 0.9583
748.857967 0.95836
749.131124 0.958414
749.40438 0.958478
749.677735 0.958552
749.95119 0.958627
750.224745 0.958692
750.4984 0.958756
750.772155 0.958834
751.046009 0.958922
751.319964 0.959008
751.594018 0.959076
751.868173 0.959139
752.142427 0.959223
752.416781 0.959307
752.691236 0.959383
752.96579 0.959457
753.240445 0.959532
753.5152 0.959607
753.790055 0.959676
754.06501 0.959743
754.340066 0.959813
754.615222 0.959884
754.890478 0.95995
755.165835 0.960013
755.441292 0.960079
755.716849 0.960143
755.992508 0.960206
756.268266 0.960267
756.544126 0.960328
756.820086 0.960388
757.096146 0.960443
757.372307 0.960496
757.648569 0.960549
757.924932 0.960597
758.201396 0.960628
758.47796 0.960588
758.754626 0.960092
759.031392 0.952276
759.308259 0.889199
759.585227 0.712147
759.862296 0.506544
760.139467 0.396402
760.416738 0.352682
760.69411 0.328854
760.971584 0.358209
761.249159 0.423151
761.526835 0.517707
761.804613 0.663127
762.082491 0.781858
762.360471 0.703786
762.638553 0.560445
762.916736 0.533899
763.19502 0.585965
763.473406 0.578038
763.751894 0.570147
764.030483 0.638223
764.309173 0.644314
764.587966 0.668775
764.86686 0.701424
765.145856 0.714779
765.424953 0.777184
765.704152 0.784962
765.983454 0.820837
766.262857 0.82763
766.542362 0.855859
766.821969 0.863775
767.101677 0.886434
767.381488 0.890331
767.661401 0.908015
767.941416 0.912386
768.221534 0.925498
768.501753 0.929728
768.782075 0.941864
769.062499 0.945887
769.343025 0.946905
769.623653 0.950946
769.904384 0.950561
770.185217 0.954376
770.466153 0.956919
770.747191 0.959738
771.028332 0.961016
771.309575 0.960305
771.590921 0.960641
771.872369 0.96091
772.153921 0.961132
772.435574 0.961292
772.717331 0.96125
772.99919 0.961593
773.281152 0.961826
773.563217 0.961899
773.845385 0.961975
774.127656 0.962054
774.41003 0.962233
774.692506 0.962292
774.975086 0.962385
775.257769 0.962419
775.540555 0.962479
775.823444 0.962512
776.106437 0.962569
776.389532 0.962606
776.672731 0.962647
776.956033 0.962678
777.239438 0.962711
777.522947 0.962734
777.80656 0.962753
778.090275 0.962789
778.374094 0.962823
778.658017 0.962858
778.942043 0.962889
779.226173 0.962912
779.510407 0.962935
779.794744 0.96299
780.079185 0.963035
780.363729 0.963065
780.648378 0.963132
780.93313 0.963193
781.217986 0.963238
781.502946 0.96329
781.78801 0.963326
782.073178 0.963352
782.35845 0.963411
782.643826 0.963483
782.929307 0.963542
783.214891 0.963596
783.500579 0.963632
783.786372 0.963619
784.072269 0.963596
784.35827 0.963701
784.644376 0.963728
784.930585 0.963665
785.2169 0.963733
785.503318 0.963777
785.789842 0.963805
786.076469 0.963871
786.363202 0.963571
786.650038 0.962929
786.93698 0.962553
787.224026 0.962647
787.511177 0.962455
787.798432 0.962016
788.085793 0.962597
788.373258 0.962804
788.660828 0.962584
788.948503 0.96178
789.236283 0.960694
789.524168 0.958935
789.812157 0.958878
790.100252 0.960422
790.388452 0.959999
790.676757 0.960899
790.965168 0.960838
791.253683 0.961425
791.542304 0.962437
791.83103 0.962133
792.119861 0.961958
792.408798 0.961039
792.69784 0.960599
792.986987 0.96068
793.27624 0.962325
793.565599 0.964383
793.855063 0.965139
794.144632 0.965008
794.434308 0.96478
794.724088 0.964724
795.013975 0.964126
795.303967 0.963867
795.594065 0.963981
795.884269 0.962131
796.174579 0.95826
796.464995 0.958197
796.755516 0.96103
797.046144 0.962209
797.336878 0.96278
797.627717 0.963852
797.918663 0.964431
798.209715 0.964232
798.500873 0.963709
798.792137 0.963294
799.083508 0.964051
799.374984 0.964295
799.666567 0.963623
799.958257 0.962214
800.250053 0.96173
800.541955 0.962323
800.833964 0.961735
801.126079 0.961842
801.418301 0.961727
801.710629 0.962914
802.003064 0.96362
802.295606 0.962798
802.588254 0.962034
802.881009 0.962432
803.173871 0.962854
803.46684 0.962757
803.759916 0.962402
804.053098 0.963421
804.346388 0.963392
804.639784 0.962597
804.933288 0.964368
805.226898 0.965494
805.520616 0.965342
805.814441 0.965453
806.108372 0.965325
806.402412 0.9652
806.696558 0.965375
806.990812 0.965489
807.285173 0.96518
807.579641 0.965589
807.874217 0.965555
808.1689 0.965211
808.463691 0.964719
808.758589 0.964163
809.053595 0.96474
809.348709 0.964388
809.64393 0.963377
809.939259 0.962974
810.234695 0.963701
810.530239 0.964139
810.825892 0.963176
811.121652 0.961474
811.417519 0.960258
811.713495 0.959463
812.009579 0.960118
812.305771 0.959598
812.60207 0.958021
812.898478 0.955951
813.194994 0.949298
813.491618 0.942044
813.78835 0.943725
814.085191 0.946447
814.38214 0.941466
814.679197 0.939791
814.976362 0.93377
815.273636 0.927557
815.571019 0.924127
815.868509 0.936615
816.166109 0.926917
816.463817 0.900114
816.761633 0.901384
817.059558 0.91752
817.357592 0.929519
817.655734 0.92858
817.953986 0.91012
818.252346 0.919972
818.550814 0.933062
818.849392 0.929969
819.148079 0.920806
819.446874 0.92895
819.745779 0.938628
820.044793 0.929488
820.343915 0.938433
820.643147 0.957186
820.942488 0.963212
821.241938 0.959271
821.541497 0.956874
821.841166 0.956654
822.140944 0.950372
822.440831 0.940945
822.740828 0.903834
823.040934 0.856112
823.341149 0.874755
823.641474 0.921527
823.941909 0.9471
824.242453 0.949288
824.543107 0.9452
824.843871 0.956625
825.144744 0.962073
825.445727 0.952312
825.746819 0.942209
826.048022 0.947515
826.349334 0.954398
826.650757 0.957473
826.952289 0.961555
827.253931 0.950869
827.555684 0.930831
827.857546 0.93326
828.159518 0.937839
828.461601 0.939461
828.763794 0.941393
829.066097 0.933554
829.36851 0.941353
829.671034 0.944042
829.973668 0.950759
830.276412 0.948938
830.579267 0.945011
830.882232 0.949087
831.185308 0.956291
831.488494 0.955075
831.791791 0.951113
832.095199 0.941749
832.398717 0.938789
832.702346 0.954736
833.006086 0.960846
833.309936 0.956579
833.613897 0.957387
833.91797 0.957793
834.222153 0.955389
834.526447 0.960641
834.830852 0.964939
835.135368 0.964109
835.439995 0.964162
835.744733 0.963179
836.049583 0.960744
836.354543 0.962272
836.659615 0.965588
836.964798 0.965796
837.270093 0.965964
837.575499 0.96485
837.881016 0.96494
838.186645 0.967355
838.492385 0.96746
838.798236 0.966533
839.1042 0.967902
839.410274 0.968919
839.716461 0.968151
840.022759 0.968076
840.329169 0.968234
840.635691 0.967768
840.942324 0.967536
841.24907 0.967775
841.555927 0.968479
841.862896 0.968103
842.169977 0.968566
842.47717 0.969832
842.784475 0.970106
843.091893 0.969515
843.399422 0.969128
843.707064 0.969027
844.014817 0.968814
844.322683 0.969283
844.630662 0.969749
844.938753 0.970163
845.246956 0.970398
845.555271 0.970491
845.863699 0.970351
846.17224 0.970027
846.480893 0.970347
846.789658 0.9708
847.098536 0.970893
847.407527 0.970881
847.716631 0.970662
848.025847 0.970309
848.335176 0.970221
848.644618 0.970416
848.954173 0.970246
849.263841 0.970353
849.573622 0.970552
849.883515 0.97058
850.193522 0.970588
850.503642 0.970523
850.813875 0.970438
851.124221 0.970072
851.43468 0.969445
851.745253 0.969838
852.055939 0.970164
852.366738 0.970548
852.67765 0.970756
852.988676 0.970759
853.299816 0.970708
853.611069 0.970637
853.922435 0.970391
854.233915 0.970243
854.545509 0.970753
854.857216 0.970997
855.169037 0.971002
855.480972 0.970885
855.79302 0.970969
856.105182 0.971234
856.417459 0.97139
856.729849 0.971479
857.042353 0.971363
857.354971 0.971184
857.667703 0.971238
857.980549 0.971518
858.293509 0.971681
858.606584 0.971749
858.919772 0.971699
859.233075 0.971627
859.546492 0.971786
859.860024 0.971954
860.17367 0.972039
860.48743 0.972069
860.801304 0.97207
861.115294 0.972084
861.429397 0.972139
861.743616 0.972217
862.057949 0.97224
862.372396 0.972235
862.686958 0.972253
863.001635 0.97229
863.316427 0.972362
863.631334 0.97245
863.946355 0.972528
864.261491 0.972592
864.576743 0.972637
864.892109 0.972668
865.20759 0.972686
865.523187 0.972708
865.838898 0.972738
866.154725 0.972775
866.470667 0.972826
866.786724 0.972845
867.102897 0.972885
867.419184 0.972922
867.735587 0.972956
868.052106 0.973014
868.36874 0.973049
868.685489 0.973073
869.002354 0.973078
869.319335 0.973101
869.636431 0.973158
869.953643 0.973208
870.270971 0.973239
870.588414 0.97326
870.905973 0.973279
871.223648 0.973316
871.541439 0.973356
871.859346 0.973392
872.177369 0.973425
872.495507 0.973453
872.813762 0.973481
873.132133 0.973508
873.45062 0.973522
873.769223 0.973527
874.087943 0.973564
874.406778 0.973598
874.72573 0.973622
875.044799 0.973639
875.363983 0.973676
875.683284 0.973687
876.002702 0.973667
876.322236 0.973698
876.641887 0.973751
876.961654 0.973773
877.281538 0.973783
877.601538 0.973821
877.921656 0.973806
878.24189 0.973736
878.56224 0.973758
878.882708 0.973808
879.203293 0.973891
879.523994 0.973927
879.844813 0.973906
880.165748 0.973776
880.486801 0.973736
880.807971 0.973883
881.129258 0.973881
881.450662 0.973777
881.772183 0.973829
882.093822 0.973675
882.415577 0.973645
882.737451 0.973964
883.059441 0.974004
883.38155 0.973747
883.703775 0.973745
884.026118 0.97395
884.348579 0.974157
884.671157 0.974175
884.993853 0.974028
885.316667 0.973892
885.639599 0.973372
885.962648 0.972679
886.285815 0.973236
886.6091 0.973766
886.932503 0.97364
887.256024 0.973877
887.579663 0.974083
887.90342 0.973416
888.227295 0.972463
888.551288 0.973219
888.875399 0.974186
889.199629 0.974365
889.523977 0.973957
889.848443 0.973266
890.173027 0.973235
890.49773 0.973919
890.822552 0.974097
891.147491 0.973972
891.47255 0.973791
891.797727 0.972864
892.123022 0.971947
892.448436 0.972758
892.773969 0.971503
893.099621 0.96794
893.425391 0.96643
893.751281 0.967172
894.077289 0.967915
894.403416 0.96445
894.729662 0.962012
895.056027 0.95701
895.382511 0.948341
895.709114 0.942124
896.035836 0.944156
896.362678 0.93321
896.689638 0.926122
897.016718 0.929956
897.343918 0.924063
897.671236 0.932236
897.998674 0.939751
898.326232 0.930566
898.653908 0.916794
898.981705 0.86361
899.309621 0.85611
899.637656 0.920059
899.965812 0.938459
900.294087 0.905285
900.622481 0.901339
900.950996 0.915253
901.27963 0.926128
901.608384 0.92264
901.937258 0.907046
902.266253 0.924677
902.595367 0.91864
902.924601 0.911437
903.253955 0.934027
903.583429 0.959696
903.913024 0.968029
904.242739 0.96156
904.572574 0.955839
904.902529 0.960681
905.232605 0.95926
905.562801 0.953973
905.893117 0.957065
906.223554 0.948721
906.554112 0.942978
906.88479 0.940088
907.215589 0.910745
907.546508 0.901483
907.877548 0.922986
908.208709 0.917412
908.539991 0.912897
908.871393 0.909442
909.202917 0.927092
909.534561 0.93586
909.866326 0.928923
910.198213 0.917009
910.53022 0.926599
910.862349 0.921862
911.194598 0.937711
911.526969 0.953904
911.859461 0.936323
912.192074 0.918138
912.524809 0.93963
912.857665 0.935118
913.190642 0.903699
913.523741 0.896917
913.856962 0.893354
914.190304 0.930177
914.523767 0.95509
914.857352 0.954859
915.191059 0.93208
915.524888 0.89418
915.858838 0.889053
916.19291 0.925413
916.527104 0.952597
916.86142 0.954859
917.195858 0.931602
917.530418 0.902824
917.8651 0.908575
918.199904 0.934782
918.53483 0.940951
918.869878 0.945862
919.205049 0.95592
919.540341 0.948548
919.875757 0.940592
920.211294 0.957427
920.546954 0.966242
920.882736 0.960862
921.218641 0.957763
921.554668 0.949054
921.890818 0.946402
922.22709 0.960492
922.563485 0.964715
922.900003 0.959344
923.236643 0.956374
923.573407 0.954715
923.910293 0.953036
924.247302 0.951921
924.584434 0.949885
924.921689 0.949016
925.259067 0.951445
925.596568 0.959603
925.934192 0.960581
926.271939 0.953816
926.60981 0.958574
926.947803 0.964125
927.28592 0.95824
927.624161 0.944535
927.962525 0.927564
928.301012 0.910376
928.639622 0.909788
928.978356 0.915963
929.317214 0.911289
929.656195 0.889855
929.9953 0.871847
930.334529 0.858898
930.673881 0.853582
931.013357 0.827895
931.352957 0.804271
931.692681 0.763571
932.032529 0.720406
932.372501 0.733472
932.712597 0.711478
933.052816 0.76612
933.39316 0.764837
933.733628 0.672478
934.074221 0.649632
934.414937 0.628854
934.755778 0.632113
935.096743 0.762869
935.437832 0.766215
935.779046 0.665159
936.120385 0.65856
936.461847 0.747009
936.803435 0.730505
937.145147 0.701828
937.486983 0.715454
937.828945 0.749681
938.171031 0.713135
938.513242 0.701509
938.855577 0.764518
939.198038 0.864569
939.540623 0.910324
939.883334 0.901526
940.226169 0.862255
940.56913 0.857717
940.912215 0.85397
941.255426 0.826468
941.598762 0.84441
941.942223 0.844808
942.285809 0.854607
942.629521 0.803251
942.973358 0.691672
943.317321 0.760882
943.661409 0.83716
944.005622 0.74803
944.349961 0.671566
944.694426 0.743853
945.039017 0.846114
945.383733 0.835289
945.728574 0.765069
946.073542 0.756536
946.418635 0.748234
946.763855 0.795302
947.1092 0.822749
947.454671 0.841337
947.800268 0.807994
948.145991 0.767206
948.491841 0.759723
948.837816 0.842056
949.183918 0.865513
949.530146 0.782091
949.8765 0.727512
950.222981 0.725937
950.569588 0.804727
950.916321 0.891227
951.263181 0.91385
951.610167 0.866487
951.95728 0.785922
952.30452 0.749969
952.651886 0.761146
952.999379 0.813803
953.346999 0.861817
953.694745 0.871183
954.042618 0.869351
954.390619 0.834837
954.738746 0.792965
955.087 0.839485
955.435381 0.848902
955.783889 0.81445
956.132525 0.818222
956.481287 0.816555
956.830177 0.800029
957.179194 0.849238
957.528338 0.895938
957.87761 0.886583
958.227009 0.849796
958.576536 0.871509
958.92619 0.858195
959.275971 0.79988
959.62588 0.814908
959.975917 0.868292
960.326082 0.888658
960.676374 0.877055
961.026794 0.887822
961.377342 0.897892
961.728017 0.890904
962.078821 0.874711
962.429752 0.842049
962.780812 0.863518
963.132 0.917991
963.483315 0.924931
963.834759 0.883094
964.186331 0.883339
964.538031 0.898124
964.88986 0.881798
965.241817 0.906243
965.593902 0.92471
965.946116 0.923892
966.298458 0.901425
966.650929 0.886462
967.003528 0.908328
967.356256 0.926842
967.709113 0.953459
968.062098 0.951456
968.415212 0.930146
968.768455 0.947135
969.121826 0.962713
969.475327 0.96277
969.828956 0.9612
970.182715 0.951192
970.536602 0.945636
970.890619 0.957514
971.244765 0.960915
971.59904 0.954523
971.953444 0.946574
972.307977 0.948933
972.66264 0.943538
973.017432 0.950472
973.372354 0.947029
973.727405 0.928511
974.082585 0.923653
974.437895 0.930681
974.793335 0.929152
975.148904 0.923187
975.504604 0.928215
975.860432 0.932019
976.216391 0.929324
976.572479 0.929729
976.928698 0.948459
977.285046 0.961421
977.641524 0.958704
977.998132 0.947549
978.354871 0.937842
978.711739 0.951387
979.068738 0.951518
979.425867 0.939211
979.783126 0.943746
980.140515 0.946082
980.498035 0.946151
980.855685 0.963027
981.213466 0.971344
981.571377 0.968061
981.929419 0.966237
982.287591 0.964927
982.645894 0.960354
983.004328 0.961721
983.362892 0.966303
983.721587 0.972838
984.080413 0.974635
984.43937 0.97086
984.798458 0.967269
985.157677 0.966641
985.517027 0.972746
985.876508 0.976889
986.23612 0.978411
986.595863 0.978366
986.955737 0.976396
987.315743 0.974318
987.67588 0.973627
988.036149 0.976334
988.396548 0.978608
988.75708 0.979194
989.117743 0.979219
989.478537 0.978567
989.839463 0.976923
990.20052 0.976229
990.56171 0.977967
990.923031 0.978837
991.284484 0.978856
991.646068 0.979358
992.007785 0.979572
992.369634 0.978847
992.731614 0.977794
993.093727 0.977583
993.455971 0.978791
993.818348 0.979607
994.180857 0.979817
994.543498 0.979946
994.906272 0.980105
995.269178 0.980069
995.632216 0.979965
995.995386 0.979904
996.358689 0.980157
996.722125 0.98018
997.085693 0.980005
997.449394 0.980058
997.813227 0.979985
998.177194 0.980112
998.541292 0.980179
998.905524 0.980245
999.269889 0.980003
999.634386 0.979653
999.999017 0.979804
1000.36378 0.980084
1000.72868 0.980483
1001.09371 0.980309
1001.45887 0.979011
1001.82416 0.977901
1002.18959 0.978475
1002.55516 0.97911
1002.92085 0.980094
1003.28668 0.980691
1003.65264 0.98036
1004.01874 0.979657
1004.38497 0.979845
1004.75133 0.980414
1005.11783 0.980283
1005.48446 0.980063
1005.85123 0.980442
1006.21812 0.980555
1006.58516 0.980562
1006.95232 0.980656
1007.31962 0.980552
1007.68705 0.980258
1008.05462 0.979886
1008.42232 0.980196
1008.79016 0.980134
1009.15813 0.979027
1009.52623 0.978414
1009.89447 0.97919
1010.26285 0.98009
1010.63135 0.980662
1011 0.980806
1011.36877 0.98076
1011.73768 0.980398
1012.10673 0.980154
1012.47591 0.980712
1012.84522 0.980967
1013.21467 0.980908
1013.58426 0.981096
1013.95397 0.98102
1014.32383 0.980625
1014.69382 0.980645
1015.06394 0.98079
1015.4342 0.980663
1015.80459 0.981004
1016.17512 0.9813
1016.54579 0.981178
1016.91658 0.980928
1017.28752 0.980961
1017.65859 0.98099
1018.02979 0.981212
1018.40113 0.981344
1018.77261 0.981211
1019.14422 0.980605
1019.51597 0.979947
1019.88785 0.980654
1020.25987 0.981166
1020.63202 0.981269
1021.00431 0.981343
1021.37674 0.98111
1021.7493 0.980884
1022.122 0.981213
1022.49483 0.981192
1022.8678 0.980849
1023.2409 0.980885
1023.61414 0.98027
1023.98752 0.979821
1024.36104 0.980824
1024.73469 0.981481
1025.10847 0.981469
1025.48239 0.981345
1025.85645 0.981178
1026.23065 0.981255
1026.60498 0.98151
1026.97945 0.98143
1027.35405 0.980984
1027.7288 0.980882
1028.10367 0.981188
1028.47869 0.98122
1028.85384 0.981371
1029.22913 0.981566
1029.60455 0.981555
1029.98012 0.981565
1030.35582 0.981678
1030.73165 0.981688
1031.10763 0.981552
1031.48374 0.981481
1031.85999 0.981639
1032.23637 0.981767
1032.61289 0.981787
1032.98955 0.981724
1033.36635 0.981633
1033.74328 0.981691
1034.12036 0.981776
1034.49757 0.981798
1034.87491 0.9818
1035.2524 0.981797
1035.63002 0.981759
1036.00778 0.981708
1036.38568 0.981679
1036.76372 0.981611
1037.14189 0.981564
1037.5202 0.981581
1037.89865 0.981656
1038.27724 0.98171
1038.65596 0.981686
1039.03483 0.98167
1039.41383 0.981667
1039.79297 0.98165
1040.17225 0.981655
1040.55167 0.981668
1040.93122 0.981653
1041.31092 0.981638
1041.69075 0.981663
1042.07072 0.981662
1042.45083 0.981639
1042.83108 0.98164
1043.21147 0.981636
1043.59199 0.981623
1043.97266 0.981601
1044.35346 0.981575
1044.7344 0.981541
1045.11548 0.981502
1045.4967 0.981459
1045.87806 0.981438
1046.25956 0.981413
1046.6412 0.981375
1047.02298 0.981327
1047.40489 0.981279
1047.78695 0.981239
1048.16914 0.981186
1048.55148 0.981066
1048.93395 0.980774
1049.31656 0.980403
1049.69932 0.980273
1050.08221 0.980383
1050.46524 0.980525
1050.84841 0.980529
1051.23172 0.980365
1051.61518 0.980149
1051.99877 0.980007
1052.3825 0.979927
1052.76637 0.97981
1053.15038 0.9797
1053.53453 0.979563
1053.91882 0.979431
1054.30325 0.979268
1054.68782 0.979059
1055.07254 0.978837
1055.45739 0.978607
1055.84238 0.978347
1056.22751 0.978081
1056.61279 0.977797
1056.9982 0.977489
1057.38376 0.977189
1057.76945 0.976885
1058.15529 0.976564
1058.54127 0.976255
1058.92738 0.975973
1059.31364 0.975781
1059.70004 0.975594
1060.08658 0.975404
1060.47326 0.975285
1060.86008 0.97514
1061.24705 0.974965
1061.63415 0.974869
1062.0214 0.974654
1062.40878 0.974298
1062.79631 0.974092
1063.18398 0.973911
1063.57179 0.973658
1063.95975 0.97345
1064.34784 0.973121
1064.73608 0.972772
1065.12445 0.972758
1065.51297 0.972761
1065.90163 0.97276
1066.29043 0.97292
1066.67938 0.973047
1067.06847 0.972981
1067.45769 0.972879
1067.84706 0.972974
1068.23658 0.973557
1068.62623 0.974298
1069.01603 0.974803
1069.40596 0.974938
1069.79604 0.97543
1070.18627 0.976003
1070.57663 0.9769
1070.96714 0.977599
1071.35779 0.977864
1071.74858 0.977922
1072.13952 0.977869
1072.5306 0.977737
1072.92182 0.978588
1073.31318 0.979579
1073.70468 0.979989
1074.09633 0.979246
1074.48812 0.977629
1074.88006 0.977926
1075.27214 0.979948
1075.66436 0.981063
1076.05672 0.981225
1076.44923 0.981141
1076.84188 0.981054
1077.23467 0.978913
1077.62761 0.976519
1078.02069 0.978835
1078.41391 0.980996
1078.80727 0.981994
1079.20078 0.982205
1079.59444 0.981465
1079.98823 0.97924
1080.38218 0.976656
1080.77626 0.978042
1081.17049 0.979332
1081.56486 0.978929
1081.95938 0.980287
1082.35403 0.982166
1082.74884 0.982539
1083.14379 0.979205
1083.53888 0.974693
1083.93411 0.977579
1084.32949 0.980488
1084.72502 0.980643
1085.12069 0.980775
1085.5165 0.978631
1085.91246 0.971377
1086.30856 0.967147
1086.7048 0.973835
1087.10119 0.978335
1087.49773 0.980806
1087.89441 0.981649
1088.29123 0.981621
1088.6882 0.979558
1089.08532 0.976729
1089.48258 0.977017
1089.87998 0.976004
1090.27753 0.971206
1090.67522 0.974945
1091.07306 0.980974
1091.47105 0.982953
1091.86917 0.981539
1092.26745 0.971157
1092.66587 0.958914
1093.06443 0.969514
1093.46314 0.978041
1093.862 0.978716
1094.261 0.977447
1094.66015 0.972459
1095.05944 0.970486
1095.45888 0.970155
1095.85846 0.964452
1096.25819 0.969006
1096.65807 0.977847
1097.05809 0.979447
1097.45825 0.972506
1097.85857 0.966436
1098.25903 0.97065
1098.65963 0.970857
1099.06038 0.966405
1099.46128 0.959611
1099.86232 0.952845
1100.26351 0.961872
1100.66485 0.962046
1101.06633 0.959848
1101.46796 0.965049
1101.86974 0.958745
1102.27166 0.954041
1102.67373 0.953035
1103.07594 0.953976
1103.47831 0.960349
1103.88082 0.957271
1104.28347 0.943529
1104.68627 0.954656
1105.08922 0.96249
1105.49232 0.953034
1105.89556 0.945228
1106.29895 0.936881
1106.70249 0.94606
1107.10618 0.964309
1107.51001 0.960007
1107.91399 0.936561
1108.31812 0.923671
1108.72239 0.93396
1109.12681 0.95045
1109.53138 0.952548
1109.9361 0.950339
1110.34096 0.927671
1110.74598 0.885238
1111.15114 0.884655
1111.55644 0.898046
1111.9619 0.930013
1112.3675 0.933777
1112.77325 0.885222
1113.17915 0.810911
1113.5852 0.822043
1113.9914 0.876512
1114.39774 0.912217
1114.80423 0.866408
1115.21087 0.784203
1115.61766 0.803777
1116.0246 0.773604
1116.43168 0.641974
1116.83892 0.642415
1117.2463 0.731071
1117.65383 0.797204
1118.06151 0.822349
1118.46934 0.752558
1118.87732 0.686204
1119.28544 0.700097
1119.69372 0.763279
1120.10214 0.747779
1120.51071 0.741384
1120.91943 0.786422
1121.32831 0.760585
1121.73733 0.715346
1122.14649 0.588989
1122.55581 0.535251
1122.96528 0.655992
1123.3749 0.703275
1123.78466 0.630415
1124.19458 0.75061
1124.60465 0.818629
1125.01486 0.708687
1125.42523 0.548881
1125.83574 0.573812
1126.2464 0.664675
1126.65722 0.764931
1127.06818 0.800435
1127.4793 0.699299
1127.89056 0.658654
1128.30197 0.743529
1128.71354 0.745163
1129.12525 0.688863
1129.53711 0.67836
1129.94913 0.686508
1130.36129 0.751477
1130.77361 0.860051
1131.18607 0.903143
1131.59869 0.8813
1132.01146 0.856214
1132.42437 0.824034
1132.83744 0.807538
1133.25066 0.719622
1133.66403 0.601484
1134.07755 0.527394
1134.49122 0.423255
1134.90504 0.38783
1135.31901 0.55593
1135.73313 0.701729
1136.14741 0.701809
1136.56183 0.817324
1136.97641 0.901526
1137.39114 0.875942
1137.80602 0.833085
1138.22105 0.823443
1138.63623 0.806561
1139.05156 0.881858
1139.46705 0.884338
1139.88268 0.817135
1140.29847 0.834693
1140.71441 0.819794
1141.1305 0.810183
1141.54675 0.816456
1141.96314 0.854622
1142.37969 0.859781
1142.79639 0.880061
1143.21324 0.884485
1143.63024 0.830566
1144.04739 0.766749
1144.4647 0.690911
1144.88216 0.701478
1145.29977 0.751014
1145.71754 0.786512
1146.13545 0.742535
1146.55352 0.676071
1146.97174 0.68537
1147.39012 0.71582
1147.80864 0.79635
1148.22732 0.864568
1148.64615 0.837972
1149.06514 0.805734
1149.48428 0.751281
1149.90357 0.714541
1150.32301 0.794129
1150.74261 0.823008
1151.16235 0.83183
1151.58226 0.853009
1152.00231 0.809257
1152.42252 0.774818
1152.84288 0.768578
1153.2634 0.836899
1153.68407 0.830977
1154.10489 0.79977
1154.52587 0.820162
1154.94699 0.857174
1155.36828 0.856783
1155.78971 0.838169
1156.2113 0.877744
1156.63305 0.889595
1157.05495 0.899643
1157.477 0.887917
1157.8992 0.857363
1158.32156 0.894867
1158.74408 0.912612
1159.16674 0.881089
1159.58957 0.885248
1160.01254 0.895099
1160.43567 0.881393
1160.85896 0.900571
1161.2824 0.922555
1161.70599 0.932587
1162.12974 0.92676
1162.55364 0.932935
1162.9777 0.955027
1163.40191 0.952987
1163.82628 0.944278
1164.2508 0.954557
1164.67548 0.95178
1165.10031 0.936811
1165.5253 0.935012
1165.95044 0.926725
1166.37573 0.939286
1166.80119 0.944977
1167.22679 0.950223
1167.65255 0.958249
1168.07847 0.960519
1168.50454 0.955445
1168.93077 0.957572
1169.35716 0.959424
1169.7837 0.96644
1170.21039 0.96363
1170.63724 0.959788
1171.06425 0.962205
1171.49141 0.969164
1171.91873 0.964594
1172.3462 0.958128
1172.77383 0.961988
1173.20161 0.96077
1173.62956 0.937889
1174.05765 0.91697
1174.48591 0.944468
1174.91432 0.960892
1175.34288 0.956014
1175.77161 0.969653
1176.20049 0.980786
1176.62952 0.979295
1177.05871 0.965453
1177.48806 0.93843
1177.91757 0.931222
1178.34723 0.950434
1178.77705 0.971016
1179.20702 0.966067
1179.63715 0.950071
1180.06744 0.965048
1180.49789 0.976381
1180.92849 0.968221
1181.35925 0.939531
1181.79017 0.903574
1182.22124 0.914434
1182.65247 0.951249
1183.08386 0.973654
1183.51541 0.976253
1183.94711 0.96255
1184.37897 0.941955
1184.81099 0.941324
1185.24317 0.954297
1185.6755 0.970386
1186.10799 0.97457
1186.54064 0.971048
1186.97345 0.967914
1187.40642 0.955192
1187.83954 0.929047
1188.27282 0.925473
1188.70626 0.945564
1189.13985 0.959913
1189.57361 0.973658
1190.00752 0.975055
1190.4416 0.966432
1190.87583 0.965228
1191.31021 0.969171
1191.74476 0.972199
1192.17947 0.9774
1192.61433 0.978201
1193.04935 0.970062
1193.48453 0.96046
1193.91987 0.970735
1194.35537 0.977384
1194.79103 0.975594
1195.22685 0.967555
1195.66282 0.965114
1196.09896 0.972242
1196.53525 0.973883
1196.9717 0.97104
1197.40831 0.965557
1197.84509 0.970958
1198.28202 0.968209
1198.71911 0.950667
1199.15636 0.950067
1199.59376 0.964518
1200.03133 0.972381
1200.46906 0.972229
1200.90695 0.966794
1201.345 0.960321
1201.7832 0.957704
1202.22157 0.970781
1202.6601 0.975076
1203.09878 0.961255
1203.53763 0.930551
1203.97664 0.921286
1204.41581 0.943578
1204.85513 0.954532
1205.29462 0.964346
1205.73427 0.976267
1206.17408 0.975937
1206.61404 0.96674
1207.05417 0.96169
1207.49446 0.961691
1207.93491 0.963069
1208.37552 0.965687
1208.8163 0.966836
1209.25723 0.962165
1209.69832 0.966527
1210.13958 0.969174
1210.58099 0.975442
1211.02257 0.971178
1211.4643 0.959758
1211.9062 0.963361
1212.34826 0.969323
1212.79048 0.976088
1213.23287 0.978869
1213.67541 0.975895
1214.11811 0.970853
1214.56098 0.968007
1215.00401 0.967189
1215.4472 0.973222
1215.89055 0.979876
1216.33406 0.977894
1216.77774 0.975345
1217.22157 0.979939
1217.66557 0.979759
1218.10973 0.973281
1218.55405 0.970758
1218.99854 0.969176
1219.44318 0.971336
1219.88799 0.974157
1220.33296 0.976539
1220.7781 0.97909
1221.22339 0.975166
1221.66885 0.970375
1222.11447 0.972485
1222.56026 0.972719
1223.0062 0.974262
1223.45231 0.975282
1223.89858 0.975186
1224.34501 0.976432
1224.79161 0.978735
1225.23837 0.978707
1225.68529 0.980322
1226.13238 0.98026
1226.57963 0.977412
1227.02704 0.974612
1227.47461 0.977487
1227.92235 0.981232
1228.37025 0.98227
1228.81832 0.981821
1229.26655 0.981412
1229.71494 0.98002
1230.1635 0.980801
1230.61221 0.982638
1231.0611 0.983053
1231.51014 0.983066
1231.95935 0.98277
1232.40873 0.982016
1232.85827 0.980299
1233.30797 0.980116
1233.75783 0.982145
1234.20787 0.983109
1234.65806 0.982878
1235.10842 0.982649
1235.55894 0.982722
1236.00963 0.982805
1236.46048 0.982376
1236.9115 0.98167
1237.36268 0.982015
1237.81402 0.982415
1238.26553 0.982331
1238.71721 0.982194
1239.16904 0.982299
1239.62105 0.982263
1240.07322 0.981841
1240.52555 0.981282
1240.97805 0.981298
1241.43071 0.981546
1241.88354 0.981555
1242.33654 0.981423
1242.7897 0.981249
1243.24302 0.981083
1243.69651 0.980816
1244.15017 0.980535
1244.60399 0.98049
1245.05797 0.980313
1245.51213 0.980012
1245.96644 0.979865
1246.42093 0.9795
1246.87558 0.979023
1247.33039 0.978949
1247.78537 0.97835
1248.24052 0.977436
1248.69583 0.977664
1249.15131 0.977157
1249.60696 0.976011
1250.06277 0.97635
1250.51875 0.975401
1250.97489 0.973585
1251.4312 0.974697
1251.88768 0.975279
1252.34432 0.972896
1252.80113 0.96999
1253.25811 0.971528
1253.71525 0.96999
1254.17256 0.966131
1254.63004 0.969118
1255.08768 0.97094
1255.54549 0.966435
1256.00347 0.961185
1256.46161 0.964505
1256.91993 0.962589
1257.3784 0.956232
1257.83705 0.960888
1258.29586 0.963536
1258.75484 0.955864
1259.21399 0.945188
1259.67331 0.947413
1260.13279 0.943566
1260.59244 0.930985
1261.05226 0.93318
1261.51225 0.931545
1261.9724 0.916164
1262.43272 0.908497
1262.89321 0.915344
1263.35387 0.915251
1263.8147 0.897851
1264.27569 0.880641
1264.73685 0.894926
1265.19818 0.905899
1265.65968 0.902102
1266.12135 0.89537
1266.58318 0.903613
1267.04519 0.907801
1267.50736 0.9085
1267.9697 0.880973
1268.43221 0.791461
1268.89489 0.742073
1269.35773 0.809714
1269.82075 0.880033
1270.28393 0.913934
1270.74729 0.925169
1271.21081 0.928901
1271.6745 0.929175
1272.13836 0.929146
1272.60239 0.928862
1273.06659 0.937916
1273.53096 0.942888
1273.9955 0.934775
1274.46021 0.940869
1274.92508 0.945181
1275.39013 0.94668
1275.85535 0.947087
1276.32073 0.94942
1276.78629 0.956437
1277.25201 0.956705
1277.71791 0.961167
1278.18397 0.960945
1278.65021 0.96423
1279.11661 0.96884
1279.58319 0.969386
1280.04994 0.96997
1280.51685 0.968731
1280.98394 0.972334
1281.45119 0.976877
1281.91862 0.976311
1282.38622 0.974737
1282.85399 0.977722
1283.32193 0.979802
1283.79004 0.980506
1284.25832 0.979055
1284.72677 0.977348
1285.19539 0.980148
1285.66418 0.982423
1286.13314 0.981817
1286.60228 0.980123
1287.07159 0.980645
1287.54106 0.981607
1288.01071 0.98037
1288.48053 0.978027
1288.95052 0.976583
1289.42068 0.979659
1289.89102 0.98225
1290.36152 0.983018
1290.8322 0.983378
1291.30305 0.981769
1291.77407 0.97818
1292.24526 0.978335
1292.71663 0.980317
1293.18816 0.982347
1293.65987 0.982856
1294.13175 0.982744
1294.6038 0.982413
1295.07603 0.978873
1295.54843 0.974335
1296.021 0.97684
1296.49374 0.978507
1296.96665 0.973272
1297.43974 0.967727
1297.913 0.975052
1298.38643 0.982031
1298.86003 0.980439
1299.33381 0.973023
1299.80776 0.969848
1300.28188 0.967765
1300.75618 0.967161
1301.23065 0.968668
1301.70529 0.976069
1302.1801 0.974707
1302.65509 0.971395
1303.13025 0.970106
1303.60559 0.950739
1304.0811 0.935279
1304.55678 0.952809
1305.03263 0.972506
1305.50866 0.974267
1305.98486 0.96272
1306.46124 0.941682
1306.93779 0.947552
1307.41451 0.957641
1307.89141 0.952635
1308.36848 0.96051
1308.84573 0.970822
1309.32315 0.954871
1309.80074 0.92632
1310.27851 0.934059
1310.75645 0.942471
1311.23457 0.96309
1311.71286 0.970411
1312.19132 0.957298
1312.66996 0.947576
1313.14878 0.916414
1313.62777 0.896237
1314.10693 0.923925
1314.58627 0.94101
1315.06578 0.936374
1315.54547 0.935018
1316.02534 0.955155
1316.50537 0.952975
1316.98559 0.932646
1317.46598 0.954827
1317.94654 0.956276
1318.42728 0.92245
1318.90819 0.907496
1319.38928 0.907258
1319.87055 0.900452
1320.35199 0.891323
1320.83361 0.917396
1321.3154 0.929907
1321.79737 0.947392
1322.27951 0.934539
1322.76183 0.899887
1323.24433 0.898094
1323.727 0.913716
1324.20985 0.90524
1324.69287 0.936417
1325.17607 0.948592
1325.65945 0.943112
1326.143 0.945931
1326.62673 0.93529
1327.11063 0.91142
1327.59471 0.921041
1328.07897 0.896025
1328.56341 0.833647
1329.04802 0.825202
1329.53281 0.87261
1330.01777 0.887115
1330.50292 0.890027
1330.98824 0.845488
1331.47373 0.784718
1331.95941 0.781287
1332.44526 0.815218
1332.93128 0.862424
1333.41749 0.852357
1333.90387 0.82021
1334.39043 0.866776
1334.87717 0.883138
1335.36408 0.870667
1335.85118 0.830767
1336.33845 0.862082
1336.82589 0.862861
1337.31352 0.80706
1337.80132 0.826091
1338.28931 0.879486
1338.77746 0.870559
1339.2658 0.866868
1339.75432 0.860954
1340.24301 0.787172
1340.73188 0.788435
1341.22093 0.825235
1341.71016 0.844451
1342.19957 0.880606
1342.68916 0.872521
1343.17892 0.838769
1343.66886 0.767701
1344.15899 0.653738
1344.64929 0.652438
1345.13977 0.762205
1345.63042 0.750825
1346.12126 0.707753
1346.61228 0.686184
1347.10347 0.660842
1347.59485 0.525787
1348.0864 0.439584
1348.57813 0.447313
1349.07005 0.54134
1349.56214 0.63597
1350.05441 0.515155
1350.54686 0.399206
1351.03949 0.429714
1351.5323 0.412399
1352.02529 0.401251
1352.51846 0.362508
1353.01181 0.326312
1353.50534 0.331112
1353.99905 0.287227
1354.49294 0.161519
1354.98701 0.12164
1355.48126 0.169608
1355.97569 0.202657
1356.4703 0.26148
1356.96509 0.240348
1357.46007 0.204004
1357.95522 0.182991
1358.45055 0.152082
1358.94606 0.14038
1359.44176 0.113879
1359.93763 0.130541
1360.43369 0.110433
1360.92993 0.0508761
1361.42635 0.0266056
1361.92294 0.0160764
1362.41972 0.0344576
1362.91669 0.113673
1363.41383 0.193442
1363.91115 0.16127
1364.40866 0.06856
1364.90635 0.0348097
1365.40421 0.0948446
1365.90226 0.211822
1366.4005 0.214663
1366.89891 0.125548
1367.3975 0.0728311
1367.89628 0.0389283
1368.39524 0.0467695
1368.89438 0.109115
1369.3937 0.150195
1369.89321 0.128491
1370.3929 0.111956
1370.89277 0.0809353
1371.39282 0.0796881
1371.89305 0.090002
1372.39347 0.112229
1372.89407 0.149852
1373.39485 0.196892
1373.89582 0.249855
1374.39696 0.224909
1374.89829 0.245366
1375.39981 0.334107
1375.9015 0.276579
1376.40338 0.221581
1376.90544 0.222742
1377.40769 0.336368
1377.91012 0.390151
1378.41273 0.254968
1378.91553 0.197249
1379.4185 0.277266
1379.92167 0.239907
1380.42501 0.100311
1380.92854 0.0775107
1381.43225 0.141611
1381.93615 0.104198
1382.44023 0.041788
1382.94449 0.0379126
1383.44894 0.0761418
1383.95357 0.111177
1384.45839 0.137594
1384.96339 0.114713
1385.46858 0.133446
1385.97394 0.160258
1386.4795 0.20808
1386.98523 0.288991
1387.49116 0.256679
1387.99726 0.146815
1388.50355 0.206478
1389.01003 0.370816
1389.51669 0.426019
1390.02354 0.35763
1390.53057 0.356965
1391.03778 0.379128
1391.54518 0.350198
1392.05277 0.204433
1392.56054 0.145119
1393.06849 0.27338
1393.57663 0.345799
1394.08496 0.275298
1394.59347 0.166333
1395.10217 0.0666818
1395.61105 0.0418062
1396.12012 0.0747041
1396.62938 0.124288
1397.13882 0.282817
1397.64844 0.462469
1398.15825 0.480689
1398.66825 0.444404
1399.17843 0.318544
1399.6888 0.147156
1400.19936 0.0548767
1400.7101 0.037488
1401.22103 0.0793647
1401.73214 0.221504
1402.24345 0.427389
1402.75493 0.46254
1403.26661 0.386688
1403.77847 0.294987
1404.29052 0.162851
1404.80275 0.110821
1405.31517 0.214812
1405.82778 0.414693
1406.34057 0.395933
1406.85356 0.184955
1407.36673 0.185499
1407.88008 0.386106
1408.39363 0.398216
1408.90736 0.253396
1409.42128 0.153253
1409.93538 0.22245
1410.44967 0.341277
1410.96416 0.416181
1411.47882 0.416786
1411.99368 0.425247
1412.50872 0.475322
1413.02396 0.558552
1413.53938 0.423988
1414.05498 0.267171
1414.57078 0.209224
1415.08677 0.261951
1415.60294 0.417774
1416.1193 0.605513
1416.63585 0.630714
1417.15259 0.540901
1417.66951 0.470681
1418.18663 0.460056
1418.70393 0.343501
1419.22142 0.223768
1419.7391 0.29673
1420.25697 0.412693
1420.77503 0.459596
1421.29328 0.537623
1421.81171 0.62837
1422.33034 0.637955
1422.84915 0.483698
1423.36816 0.328477
1423.88735 0.380454
1424.40673 0.595705
1424.9263 0.624423
1425.44607 0.516494
1425.96602 0.548205
1426.48616 0.660073
1427.00649 0.604503
1427.52701 0.471943
1428.04772 0.422329
1428.56862 0.45415
1429.08971 0.559657
1429.61099 0.656641
1430.13246 0.706463
1430.65412 0.679821
1431.17597 0.462409
1431.69801 0.321975
1432.22024 0.340691
1432.74267 0.448243
1433.26528 0.591598
1433.78808 0.551669
1434.31108 0.479929
1434.83426 0.573886
1435.35764 0.613057
1435.8812 0.603439
1436.40496 0.593641
1436.92891 0.538438
1437.45305 0.392491
1437.97738 0.403655
1438.5019 0.592817
1439.02662 0.622452
1439.55152 0.541074
1440.07662 0.620703
1440.6019 0.640807
1441.12738 0.592587
1441.65305 0.551024
1442.17892 0.582951
1442.70497 0.589783
1443.23122 0.663432
1443.75766 0.717694
1444.28429 0.674851
1444.81111 0.641001
1445.33813 0.469117
1445.86533 0.404793
1446.39273 0.552176
1446.92032 0.632329
1447.44811 0.71094
1447.97608 0.784482
1448.50425 0.804747
1449.03262 0.804966
1449.56117 0.708271
1450.08992 0.49358
1450.61886 0.361456
1451.14799 0.456484
1451.67732 0.639098
1452.20684 0.675562
1452.73655 0.728658
1453.26646 0.811895
1453.79655 0.860767
1454.32685 0.837768
1454.85733 0.770607
1455.38801 0.696509
1455.91888 0.775481
1456.44995 0.833812
1456.98121 0.806879
1457.51267 0.783493
1458.04431 0.844897
1458.57615 0.887644
1459.10819 0.885869
1459.64042 0.823742
1460.17284 0.736314
1460.70546 0.751412
1461.23828 0.760609
1461.77128 0.807683
1462.30448 0.829124
1462.83788 0.728024
1463.37147 0.67567
1463.90525 0.802502
1464.43923 0.858054
1464.97341 0.758319
1465.50778 0.689158
1466.04234 0.660711
1466.5771 0.617569
1467.11206 0.623741
1467.6472 0.705577
1468.18255 0.821612
1468.71809 0.836533
1469.25382 0.727327
1469.78976 0.623892
1470.32588 0.572132
1470.8622 0.508612
1471.39872 0.619646
1471.93543 0.650423
1472.47234 0.572502
1473.00945 0.653515
1473.54675 0.739303
1474.08424 0.827485
1474.62194 0.897381
1475.15982 0.86172
1475.69791 0.752209
1476.23619 0.744874
1476.77467 0.742944
1477.31334 0.698738
1477.85221 0.67464
1478.39128 0.759951
1478.93054 0.792194
1479.47 0.741145
1480.00966 0.697778
1480.54952 0.671582
1481.08957 0.753945
1481.62981 0.743211
1482.17026 0.770242
1482.7109 0.857475
1483.25174 0.879746
1483.79278 0.848622
1484.33401 0.78977
1484.87544 0.810594
1485.41707 0.811583
1485.9589 0.794319
1486.50092 0.753659
1487.04314 0.778288
1487.58556 0.807179
1488.12818 0.807316
1488.671 0.874575
1489.21401 0.882062
1489.75722 0.855059
1490.30063 0.912053
1490.84424 0.907865
1491.38804 0.844022
1491.93205 0.868937
1492.47625 0.90754
1493.02065 0.916173
1493.56525 0.93098
1494.11005 0.923351
1494.65505 0.907427
1495.20024 0.879496
1495.74564 0.872846
1496.29123 0.88978
1496.83703 0.922974
1497.38302 0.927796
1497.92921 0.916474
1498.4756 0.933318
1499.02219 0.940824
1499.56898 0.946932
1500.11597 0.96592
1500.66315 0.969756
1501.21054 0.961
1501.75813 0.951262
1502.30592 0.954277
1502.8539 0.93548
1503.40209 0.906087
1503.95048 0.882353
1504.49906 0.893864
1505.04785 0.927239
1505.59684 0.960613
1506.14602 0.9801
1506.69541 0.979807
1507.245 0.969635
1507.79479 0.957652
1508.34478 0.922192
1508.89497 0.911793
1509.44536 0.952845
1509.99595 0.975528
1510.54674 0.977552
1511.09773 0.975589
1511.64893 0.975736
1512.20032 0.970596
1512.75192 0.966581
1513.30371 0.963375
1513.85571 0.960533
1514.40791 0.968115
1514.96031 0.975517
1515.51292 0.97645
1516.06572 0.968918
1516.61873 0.967556
1517.17193 0.971112
1517.72534 0.969215
1518.27895 0.970307
1518.83277 0.968874
1519.38678 0.970049
1519.941 0.977535
1520.49542 0.981503
1521.05004 0.984477
1521.60487 0.984053
1522.15989 0.986026
1522.71512 0.988053
1523.27055 0.987348
1523.82619 0.985608
1524.38202 0.982163
1524.93806 0.982963
1525.4943 0.983252
1526.05075 0.98021
1526.6074 0.977925
1527.16425 0.980951
1527.7213 0.986168
1528.27856 0.987096
1528.83602 0.985006
1529.39369 0.985253
1529.95155 0.985164
1530.50962 0.983742
1531.0679 0.98301
1531.62638 0.9836
1532.18506 0.985306
1532.74394 0.985194
1533.30303 0.98347
1533.86233 0.982022
1534.42182 0.981218
1534.98153 0.978788
1535.54143 0.979749
1536.10154 0.982698
1536.66186 0.984169
1537.22237 0.985807
1537.7831 0.987717
1538.34403 0.987532
1538.90516 0.985409
1539.46649 0.983508
1540.02804 0.983771
1540.58978 0.983603
1541.15173 0.984446
1541.71389 0.984431
1542.27625 0.983982
1542.83882 0.985887
1543.40159 0.987295
1543.96457 0.986865
1544.52775 0.987392
1545.09114 0.989216
1545.65473 0.989712
1546.21853 0.989744
1546.78253 0.99021
1547.34674 0.990594
1547.91116 0.990949
1548.47578 0.990362
1549.04061 0.961252
1549.60564 0.728295
