# Obtained using Skycalc tool from ESO webpage
# Water vapour content 2.5 mm
Wave[nm] Transmission[no-units]
1550 0.728532
1550.02919 0.961454
1550.05839 0.990712
1550.08759 0.991679
1550.11678 0.991622
1550.14598 0.991476
1550.17518 0.991375
1550.20438 0.991539
1550.23357 0.991748
1550.26277 0.991836
1550.29197 0.991865
1550.32117 0.991876
1550.35037 0.991874
1550.37958 0.991866
1550.40878 0.99185
1550.43798 0.991828
1550.46718 0.991797
1550.49639 0.991685
1550.52559 0.991268
1550.5548 0.990437
1550.584 0.989818
1550.61321 0.989892
1550.64241 0.990328
1550.67162 0.990984
1550.70083 0.991314
1550.73004 0.991486
1550.75925 0.991645
1550.78845 0.991623
1550.81766 0.991308
1550.84687 0.990862
1550.87609 0.990763
1550.9053 0.990854
1550.93451 0.990612
1550.96372 0.990496
1550.99293 0.990751
1551.02215 0.99035
1551.05136 0.988866
1551.08058 0.987959
1551.10979 0.988898
1551.13901 0.989978
1551.16822 0.990437
1551.19744 0.990676
1551.22666 0.991167
1551.25588 0.991596
1551.2851 0.991762
1551.31431 0.99179
1551.34353 0.991744
1551.37275 0.991605
1551.40197 0.991353
1551.4312 0.991249
1551.46042 0.991482
1551.48964 0.991603
1551.51886 0.991409
1551.54809 0.990967
1551.57731 0.990439
1551.60654 0.990298
1551.63576 0.990587
1551.66499 0.99062
1551.69421 0.990541
1551.72344 0.990566
1551.75267 0.990262
1551.78189 0.990214
1551.81112 0.990783
1551.84035 0.991349
1551.86958 0.99158
1551.89881 0.991589
1551.92804 0.99142
1551.95727 0.990805
1551.98651 0.988842
1552.01574 0.983928
1552.04497 0.978711
1552.0742 0.98075
1552.10344 0.986727
1552.13267 0.989992
1552.16191 0.990669
1552.19114 0.990355
1552.22038 0.990136
1552.24962 0.990703
1552.27885 0.991306
1552.30809 0.991442
1552.33733 0.991466
1552.36657 0.991655
1552.39581 0.991804
1552.42505 0.991848
1552.45429 0.99184
1552.48353 0.991804
1552.51277 0.991794
1552.54201 0.991788
1552.57126 0.991637
1552.6005 0.991046
1552.62974 0.990073
1552.65899 0.989892
1552.68823 0.990868
1552.71748 0.991608
1552.74672 0.991814
1552.77597 0.991845
1552.80522 0.991793
1552.83447 0.991673
1552.86371 0.991595
1552.89296 0.991644
1552.92221 0.991778
1552.95146 0.991832
1552.98071 0.991804
1553.00996 0.991797
1553.03921 0.991798
1553.06847 0.991675
1553.09772 0.9912
1553.12697 0.990396
1553.15623 0.990135
1553.18548 0.990806
1553.21474 0.991497
1553.24399 0.991781
1553.27325 0.991853
1553.3025 0.991852
1553.33176 0.991841
1553.36102 0.991867
1553.39028 0.991895
1553.41954 0.991905
1553.44879 0.991897
1553.47805 0.991854
1553.50731 0.991809
1553.53658 0.991839
1553.56584 0.991881
1553.5951 0.99187
1553.62436 0.991775
1553.65363 0.991644
1553.68289 0.991655
1553.71215 0.991763
1553.74142 0.991752
1553.77068 0.991591
1553.79995 0.991486
1553.82922 0.991596
1553.85848 0.991763
1553.88775 0.991859
1553.91702 0.991889
1553.94629 0.991884
1553.97556 0.991855
1554.00483 0.99181
1554.0341 0.991777
1554.06337 0.991729
1554.09264 0.991531
1554.12191 0.990863
1554.15118 0.989664
1554.18046 0.988912
1554.20973 0.988796
1554.239 0.987813
1554.26828 0.986639
1554.29755 0.987827
1554.32683 0.990074
1554.35611 0.991276
1554.38538 0.991647
1554.41466 0.99177
1554.44394 0.991817
1554.47322 0.991833
1554.5025 0.991823
1554.53178 0.991775
1554.56106 0.991595
1554.59034 0.990897
1554.61962 0.989852
1554.6489 0.989899
1554.67818 0.990812
1554.70747 0.991071
1554.73675 0.99064
1554.76603 0.990536
1554.79532 0.991082
1554.8246 0.991596
1554.85389 0.9918
1554.88318 0.991852
1554.91246 0.991858
1554.94175 0.991798
1554.97104 0.991634
1555.00033 0.991483
1555.02961 0.99153
1555.0589 0.991674
1555.08819 0.991811
1555.11749 0.991877
1555.14678 0.991878
1555.17607 0.991789
1555.20536 0.991494
1555.23465 0.991207
1555.26395 0.99142
1555.29324 0.991758
1555.32254 0.9919
1555.35183 0.991935
1555.38113 0.991947
1555.41042 0.991952
1555.43972 0.991955
1555.46902 0.991957
1555.49831 0.991959
1555.52761 0.991958
1555.55691 0.991956
1555.58621 0.991953
1555.61551 0.991954
1555.64481 0.991959
1555.67411 0.991961
1555.70342 0.991961
1555.73272 0.991959
1555.76202 0.991957
1555.79132 0.991959
1555.82063 0.991962
1555.84993 0.991963
1555.87924 0.991961
1555.90854 0.991942
1555.93785 0.99184
1555.96716 0.991724
1555.99646 0.991822
1556.02577 0.991925
1556.05508 0.991944
1556.08439 0.991935
1556.1137 0.991912
1556.14301 0.991854
1556.17232 0.991724
1556.20163 0.991632
1556.23094 0.991715
1556.26025 0.991746
1556.28957 0.991478
1556.31888 0.991009
1556.34819 0.990945
1556.37751 0.991349
1556.40682 0.991691
1556.43614 0.99185
1556.46546 0.991906
1556.49477 0.991923
1556.52409 0.991938
1556.55341 0.991951
1556.58272 0.991958
1556.61204 0.991959
1556.64136 0.99195
1556.67068 0.99194
1556.7 0.991945
1556.72932 0.991948
1556.75865 0.991934
1556.78797 0.991855
1556.81729 0.991519
1556.84661 0.991034
1556.87594 0.991116
1556.90526 0.991572
1556.93459 0.991799
1556.96391 0.99185
1556.99324 0.99188
1557.02257 0.991873
1557.05189 0.991868
1557.08122 0.991906
1557.11055 0.991943
1557.13988 0.991953
1557.16921 0.991944
1557.19854 0.991909
1557.22787 0.99184
1557.2572 0.991623
1557.28653 0.991273
1557.31586 0.991188
1557.3452 0.991259
1557.37453 0.991368
1557.40386 0.991472
1557.4332 0.991658
1557.46253 0.991841
1557.49187 0.991925
1557.5212 0.991949
1557.55054 0.991946
1557.57988 0.991919
1557.60921 0.991907
1557.63855 0.991941
1557.66789 0.991967
1557.69723 0.991973
1557.72657 0.991967
1557.75591 0.991936
1557.78525 0.991903
1557.81459 0.991931
1557.84394 0.991963
1557.87328 0.991971
1557.90262 0.991965
1557.93196 0.991938
1557.96131 0.991895
1557.99065 0.991888
1558.02 0.991891
1558.04935 0.991779
1558.07869 0.991287
1558.10804 0.990528
1558.13739 0.99048
1558.16673 0.991125
1558.19608 0.991569
1558.22543 0.991677
1558.25478 0.991762
1558.28413 0.991861
1558.31348 0.991902
1558.34283 0.991894
1558.37219 0.991909
1558.40154 0.991945
1558.43089 0.99196
1558.46025 0.991956
1558.4896 0.991925
1558.51896 0.991838
1558.54831 0.991719
1558.57767 0.991693
1558.60702 0.991782
1558.63638 0.991854
1558.66574 0.991822
1558.6951 0.991558
1558.72445 0.99064
1558.75381 0.989225
1558.78317 0.98904
1558.81253 0.990377
1558.84189 0.99136
1558.87126 0.991587
1558.90062 0.991652
1558.92998 0.991762
1558.95934 0.991873
1558.98871 0.991923
1559.01807 0.99191
1559.04744 0.991845
1559.0768 0.991766
1559.10617 0.991736
1559.13553 0.99181
1559.1649 0.991907
1559.19427 0.991942
1559.22364 0.991919
1559.253 0.991852
1559.28237 0.991692
1559.31174 0.991211
1559.34111 0.990745
1559.37048 0.991133
1559.39986 0.991618
1559.42923 0.991775
1559.4586 0.991792
1559.48797 0.991705
1559.51735 0.991593
1559.54672 0.991612
1559.5761 0.991742
1559.60547 0.991818
1559.63485 0.991781
1559.66422 0.991611
1559.6936 0.991445
1559.72298 0.991452
1559.75236 0.991337
1559.78173 0.99109
1559.81111 0.991284
1559.84049 0.991661
1559.86987 0.991834
1559.89925 0.991879
1559.92864 0.991909
1559.95802 0.991923
1559.9874 0.991877
1560.01678 0.991612
1560.04617 0.990858
1560.07555 0.990141
1560.10494 0.990551
1560.13432 0.991382
1560.16371 0.991803
1560.19309 0.991922
1560.22248 0.991946
1560.25187 0.991935
1560.28125 0.991914
1560.31064 0.991857
1560.34003 0.991691
1560.36942 0.991494
1560.39881 0.991575
1560.4282 0.99181
1560.45759 0.991922
1560.48699 0.991934
1560.51638 0.991956
1560.54577 0.991976
1560.57516 0.991978
1560.60456 0.991963
1560.63395 0.991927
1560.66335 0.99185
1560.69274 0.99175
1560.72214 0.991711
1560.75154 0.991548
1560.78093 0.991092
1560.81033 0.990685
1560.83973 0.990223
1560.86913 0.989573
1560.89853 0.989961
1560.92793 0.991017
1560.95733 0.991629
1560.98673 0.991813
1561.01613 0.991859
1561.04554 0.991882
1561.07494 0.991901
1561.10434 0.991926
1561.13375 0.991947
1561.16315 0.99193
1561.19256 0.991805
1561.22196 0.991538
1561.25137 0.991337
1561.28078 0.991439
1561.31018 0.991656
1561.33959 0.991678
1561.369 0.9916
1561.39841 0.991751
1561.42782 0.991924
1561.45723 0.991981
1561.48664 0.991991
1561.51605 0.991998
1561.54546 0.992005
1561.57487 0.992009
1561.60429 0.99201
1561.6337 0.992009
1561.66311 0.992005
1561.69253 0.992002
1561.72194 0.992003
1561.75136 0.991998
1561.78078 0.99199
1561.81019 0.991994
1561.83961 0.991998
1561.86903 0.991992
1561.89845 0.991985
1561.92787 0.99198
1561.95728 0.99197
1561.9867 0.991939
1562.01613 0.99189
1562.04555 0.991854
1562.07497 0.991831
1562.10439 0.991751
1562.13381 0.991487
1562.16324 0.990516
1562.19266 0.987788
1562.22209 0.985037
1562.25151 0.986483
1562.28094 0.989482
1562.31036 0.991026
1562.33979 0.991392
1562.36922 0.991017
1562.39864 0.989245
1562.42807 0.986773
1562.4575 0.987096
1562.48693 0.989517
1562.51636 0.99109
1562.54579 0.991626
1562.57522 0.991812
1562.60465 0.991874
1562.63409 0.991869
1562.66352 0.991845
1562.69295 0.991846
1562.72239 0.991801
1562.75182 0.991722
1562.78126 0.99173
1562.81069 0.991687
1562.84013 0.991434
1562.86957 0.991083
1562.899 0.9907
1562.92844 0.989789
1562.95788 0.988377
1562.98732 0.988086
1563.01676 0.989751
1563.0462 0.991177
1563.07564 0.991605
1563.10508 0.991619
1563.13452 0.991646
1563.16396 0.991695
1563.19341 0.991588
1563.22285 0.991514
1563.25229 0.991705
1563.28174 0.991897
1563.31118 0.991968
1563.34063 0.99199
1563.37007 0.991999
1563.39952 0.992006
1563.42897 0.992011
1563.45842 0.992014
1563.48787 0.992013
1563.51731 0.99201
1563.54676 0.992006
1563.57621 0.992002
1563.60566 0.991999
1563.63512 0.991994
1563.66457 0.991982
1563.69402 0.991959
1563.72347 0.991914
1563.75293 0.991804
1563.78238 0.991441
1563.81183 0.990336
1563.84129 0.988891
1563.87074 0.989092
1563.9002 0.9906
1563.92966 0.991543
1563.95911 0.991806
1563.98857 0.991868
1564.01803 0.991896
1564.04749 0.991921
1564.07695 0.991922
1564.10641 0.991873
1564.13587 0.991656
1564.16533 0.990951
1564.19479 0.989991
1564.22425 0.990004
1564.25372 0.990757
1564.28318 0.991065
1564.31264 0.990963
1564.34211 0.990176
1564.37157 0.988051
1564.40104 0.986493
1564.43051 0.987977
1564.45997 0.990323
1564.48944 0.991452
1564.51891 0.991779
1564.54838 0.991891
1564.57784 0.991942
1564.60731 0.991971
1564.63678 0.991988
1564.66625 0.992
1564.69573 0.992006
1564.7252 0.992007
1564.75467 0.992007
1564.78414 0.992015
1564.81362 0.992022
1564.84309 0.992025
1564.87256 0.992026
1564.90204 0.992026
1564.93152 0.992026
1564.96099 0.992023
1564.99047 0.992015
1565.01995 0.992006
1565.04942 0.992002
1565.0789 0.991983
1565.10838 0.991904
1565.13786 0.991701
1565.16734 0.99151
1565.19682 0.991612
1565.2263 0.991813
1565.25578 0.991872
1565.28527 0.991743
1565.31475 0.991289
1565.34423 0.990674
1565.37372 0.990694
1565.4032 0.991294
1565.43268 0.991736
1565.46217 0.991905
1565.49166 0.991968
1565.52114 0.99199
1565.55063 0.991993
1565.58012 0.991993
1565.60961 0.991989
1565.6391 0.991954
1565.66858 0.991899
1565.69807 0.991895
1565.72757 0.991912
1565.75706 0.991852
1565.78655 0.991663
1565.81604 0.99124
1565.84553 0.990112
1565.87503 0.988545
1565.90452 0.988498
1565.93401 0.989863
1565.96351 0.990774
1565.99301 0.990849
1566.0225 0.990739
1566.052 0.990252
1566.0815 0.989482
1566.11099 0.990025
1566.14049 0.991013
1566.16999 0.991462
1566.19949 0.991648
1566.22899 0.991608
1566.25849 0.991508
1566.28799 0.991557
1566.31749 0.991708
1566.347 0.991778
1566.3765 0.991603
1566.406 0.991328
1566.43551 0.991293
1566.46501 0.991431
1566.49451 0.991566
1566.52402 0.991521
1566.55353 0.991531
1566.58303 0.991669
1566.61254 0.99148
1566.64205 0.990899
1566.67156 0.990701
1566.70107 0.991215
1566.73057 0.991518
1566.76008 0.991429
1566.7896 0.991286
1566.81911 0.990901
1566.84862 0.99027
1566.87813 0.989509
1566.90764 0.988985
1566.93716 0.989609
1566.96667 0.990575
1566.99618 0.990977
1567.0257 0.99119
1567.05522 0.990849
1567.08473 0.989769
1567.11425 0.98885
1567.14377 0.988366
1567.17328 0.988069
1567.2028 0.989058
1567.23232 0.990592
1567.26184 0.991182
1567.29136 0.990706
1567.32088 0.989602
1567.3504 0.989109
1567.37992 0.990078
1567.40945 0.990546
1567.43897 0.989679
1567.46849 0.989176
1567.49802 0.989372
1567.52754 0.988737
1567.55707 0.988323
1567.58659 0.98844
1567.61612 0.98899
1567.64564 0.989895
1567.67517 0.989838
1567.7047 0.987261
1567.73423 0.984618
1567.76376 0.986472
1567.79329 0.988689
1567.82282 0.988777
1567.85235 0.988008
1567.88188 0.985244
1567.91141 0.981874
1567.94094 0.984037
1567.97047 0.988022
1568.00001 0.988748
1568.02954 0.987831
1568.05908 0.986878
1568.08861 0.983915
1568.11815 0.981171
1568.14768 0.984272
1568.17722 0.988925
1568.20676 0.990842
1568.23629 0.990878
1568.26583 0.989053
1568.29537 0.982703
1568.32491 0.974461
1568.35445 0.97542
1568.38399 0.983454
1568.41353 0.988548
1568.44307 0.99031
1568.47262 0.990279
1568.50216 0.987126
1568.5317 0.979101
1568.56125 0.973151
1568.59079 0.975995
1568.62034 0.979997
1568.64988 0.985519
1568.67943 0.988893
1568.70897 0.987788
1568.73852 0.979428
1568.76807 0.96777
1568.79762 0.970768
1568.82717 0.982031
1568.85672 0.98649
1568.88627 0.983864
1568.91582 0.981263
1568.94537 0.981598
1568.97492 0.972298
1569.00447 0.95725
1569.03403 0.963673
1569.06358 0.979314
1569.09313 0.98711
1569.12269 0.988378
1569.15224 0.985657
1569.1818 0.977534
1569.21135 0.958027
1569.24091 0.938811
1569.27047 0.952721
1569.30003 0.976813
1569.32958 0.987224
1569.35914 0.989019
1569.3887 0.98797
1569.41826 0.983015
1569.44782 0.963134
1569.47738 0.931472
1569.50695 0.930929
1569.53651 0.958757
1569.56607 0.979024
1569.59564 0.986525
1569.6252 0.988417
1569.65476 0.987373
1569.68433 0.978773
1569.71389 0.943621
1569.74346 0.906003
1569.77303 0.933887
1569.80259 0.968735
1569.83216 0.980318
1569.86173 0.981852
1569.8913 0.982947
1569.92087 0.98326
1569.95044 0.970732
1569.98001 0.925605
1570.00958 0.888309
1570.03915 0.931513
1570.06873 0.971335
1570.0983 0.979684
1570.12787 0.982251
1570.15745 0.982071
1570.18702 0.976172
1570.2166 0.956888
1570.24617 0.905893
1570.27575 0.874127
1570.30532 0.924269
1570.3349 0.970851
1570.36448 0.982768
1570.39406 0.982079
1570.42364 0.979932
1570.45322 0.978542
1570.4828 0.958241
1570.51238 0.90134
1570.54196 0.856438
1570.57154 0.892067
1570.60112 0.952709
1570.63071 0.979726
1570.66029 0.98493
1570.68987 0.984145
1570.71946 0.979458
1570.74904 0.966745
1570.77863 0.918616
1570.80821 0.844153
1570.8378 0.850848
1570.86739 0.920764
1570.89698 0.967684
1570.92657 0.98238
1570.95615 0.985416
1570.98574 0.98521
1571.01533 0.981257
1571.04492 0.960844
1571.07452 0.883561
1571.10411 0.798519
1571.1337 0.855396
1571.16329 0.941678
1571.19289 0.972326
1571.22248 0.978301
1571.25208 0.982047
1571.28167 0.983795
1571.31127 0.980071
1571.34086 0.956556
1571.37046 0.880326
1571.40006 0.796813
1571.42965 0.833588
1571.45925 0.926433
1571.48885 0.971084
1571.51845 0.979286
1571.54805 0.979124
1571.57765 0.978102
1571.60725 0.977551
1571.63686 0.961751
1571.66646 0.89269
1571.69606 0.794114
1571.72567 0.805435
1571.75527 0.902031
1571.78487 0.962188
1571.81448 0.979429
1571.84408 0.983585
1571.87369 0.983444
1571.9033 0.979934
1571.93291 0.970507
1571.96251 0.93439
1571.99212 0.828359
1572.02173 0.747831
1572.05134 0.85202
1572.08095 0.950109
1572.11056 0.974702
1572.14017 0.980051
1572.16979 0.983013
1572.1994 0.983371
1572.22901 0.979546
1572.25862 0.963007
1572.28824 0.902412
1572.31785 0.794114
1572.34747 0.765757
1572.37708 0.874289
1572.4067 0.956857
1572.43632 0.978514
1572.46593 0.982086
1572.49555 0.982133
1572.52517 0.982424
1572.55479 0.979744
1572.58441 0.962059
1572.61403 0.886616
1572.64365 0.772545
1572.67327 0.78104
1572.70289 0.890033
1572.73252 0.96035
1572.76214 0.979838
1572.79176 0.983724
1572.82139 0.984012
1572.85101 0.983009
1572.88064 0.980916
1572.91026 0.970933
1572.93989 0.92384
1572.96952 0.812787
1572.99914 0.751227
1573.02877 0.855511
1573.0584 0.950378
1573.08803 0.977595
1573.11766 0.983681
1573.14729 0.985339
1573.17692 0.985325
1573.20655 0.983347
1573.23618 0.97687
1573.26582 0.951305
1573.29545 0.865354
1573.32508 0.767752
1573.35472 0.815934
1573.38435 0.921097
1573.41399 0.970636
1573.44362 0.982196
1573.47326 0.98511
1573.5029 0.985806
1573.53254 0.985263
1573.56217 0.983276
1573.59181 0.97524
1573.62145 0.93912
1573.65109 0.844931
1573.68073 0.777267
1573.71037 0.857584
1573.74001 0.947173
1573.76966 0.977409
1573.7993 0.983502
1573.82894 0.984313
1573.85859 0.985147
1573.88823 0.985787
1573.91787 0.984272
1573.94752 0.977115
1573.97717 0.946082
1574.00681 0.864287
1574.03646 0.804165
1574.06611 0.873905
1574.09576 0.953882
1574.1254 0.980719
1574.15505 0.986048
1574.1847 0.986595
1574.21435 0.985539
1574.244 0.985122
1574.27366 0.985053
1574.30331 0.98184
1574.33296 0.96223
1574.36261 0.906954
1574.39227 0.852875
1574.42192 0.87878
1574.45158 0.94426
1574.48123 0.978286
1574.51089 0.986557
1574.54055 0.988427
1574.5702 0.98849
1574.59986 0.987121
1574.62952 0.98509
1574.65918 0.984116
1574.68884 0.980825
1574.7185 0.960339
1574.74816 0.913322
1574.77782 0.892182
1574.80748 0.938989
1574.83714 0.974938
1574.8668 0.984829
1574.89647 0.98856
1574.92613 0.990013
1574.9558 0.990417
1574.98546 0.990118
1575.01513 0.988471
1575.04479 0.985556
1575.07446 0.982271
1575.10413 0.971859
1575.13379 0.956337
1575.16346 0.961003
1575.19313 0.976696
1575.2228 0.983549
1575.25247 0.984329
1575.28214 0.987363
1575.31181 0.99012
1575.34148 0.990995
1575.37116 0.990998
1575.40083 0.990167
1575.4305 0.988442
1575.46018 0.986356
1575.48985 0.985483
1575.51952 0.988126
1575.5492 0.989842
1575.57888 0.989526
1575.60855 0.988471
1575.63823 0.984213
1575.66791 0.970746
1575.69759 0.941663
1575.72727 0.920837
1575.75694 0.948486
1575.78662 0.97677
1575.81631 0.985168
1575.84599 0.9872
1575.87567 0.986238
1575.90535 0.983947
1575.93503 0.985808
1575.96472 0.988326
1575.9944 0.988379
1576.02409 0.985603
1576.05377 0.97263
1576.08346 0.922031
1576.11314 0.862635
1576.14283 0.895675
1576.17252 0.956016
1576.2022 0.981308
1576.23189 0.986886
1576.26158 0.987802
1576.29127 0.987414
1576.32096 0.985169
1576.35065 0.982668
1576.38034 0.9847
1576.41003 0.985812
1576.43973 0.980418
1576.46942 0.953553
1576.49911 0.882173
1576.52881 0.825793
1576.5585 0.879793
1576.5882 0.952396
1576.61789 0.980432
1576.64759 0.986551
1576.67729 0.988076
1576.70698 0.988512
1576.73668 0.987944
1576.76638 0.984971
1576.79608 0.981217
1576.82578 0.980942
1576.85548 0.97397
1576.88518 0.931395
1576.91488 0.845391
1576.94458 0.810336
1576.97428 0.878394
1577.00399 0.950342
1577.03369 0.978581
1577.06339 0.985608
1577.0931 0.987588
1577.1228 0.988315
1577.15251 0.98842
1577.18222 0.987755
1577.21192 0.985018
1577.24163 0.979987
1577.27134 0.97187
1577.30105 0.93591
1577.33076 0.84626
1577.36047 0.786503
1577.39018 0.852564
1577.41989 0.936893
1577.4496 0.972491
1577.47931 0.98326
1577.50902 0.986862
1577.53874 0.98803
1577.56845 0.988302
1577.59816 0.98798
1577.62788 0.986761
1577.65759 0.984008
1577.68731 0.977223
1577.71703 0.955812
1577.74674 0.890006
1577.77646 0.793149
1577.80618 0.794284
1577.8359 0.898178
1577.86562 0.962404
1577.89534 0.978728
1577.92506 0.984613
1577.95478 0.987262
1577.9845 0.988219
1578.01422 0.988404
1578.04394 0.98808
1578.07367 0.987118
1578.10339 0.984735
1578.13311 0.976943
1578.16284 0.942702
1578.19256 0.840488
1578.22229 0.752993
1578.25202 0.837888
1578.28174 0.939335
1578.31147 0.972707
1578.3412 0.980458
1578.37093 0.984535
1578.40066 0.986755
1578.43039 0.987282
1578.46012 0.987256
1578.48985 0.987218
1578.51958 0.986688
1578.54931 0.984492
1578.57904 0.9768
1578.60878 0.94303
1578.63851 0.838471
1578.66825 0.749853
1578.69798 0.844083
1578.72772 0.943275
1578.75745 0.97286
1578.78719 0.980074
1578.81693 0.983771
1578.84666 0.986732
1578.8764 0.988228
1578.90614 0.988561
1578.93588 0.988344
1578.96562 0.987578
1578.99536 0.9856
1579.0251 0.979643
1579.05484 0.9531
1579.08458 0.856179
1579.11433 0.75733
1579.14407 0.838172
1579.17381 0.940363
1579.20356 0.975607
1579.2333 0.983257
1579.26305 0.984422
1579.2928 0.98618
1579.32254 0.988114
1579.35229 0.988795
1579.38204 0.988657
1579.41179 0.988178
1579.44153 0.986966
1579.47128 0.983578
1579.50103 0.969278
1579.53078 0.9077
1579.56054 0.80689
1579.59029 0.805566
1579.62004 0.905277
1579.64979 0.966667
1579.67955 0.981513
1579.7093 0.985169
1579.73905 0.985805
1579.76881 0.987062
1579.79856 0.988513
1579.82832 0.988939
1579.85808 0.988411
1579.88783 0.987221
1579.91759 0.9856
1579.94735 0.981125
1579.97711 0.959372
1580.00687 0.877817
1580.03663 0.791709
1580.06639 0.857674
1580.09615 0.947051
1580.12591 0.977748
1580.15567 0.983934
1580.18544 0.985998
1580.2152 0.986755
1580.24497 0.98739
1580.27473 0.98877
1580.30449 0.989422
1580.33426 0.989192
1580.36403 0.988565
1580.39379 0.987193
1580.42356 0.982284
1580.45333 0.957882
1580.4831 0.881157
1580.51287 0.814599
1580.54264 0.879442
1580.57241 0.955397
1580.60218 0.980458
1580.63195 0.985811
1580.66172 0.986797
1580.69149 0.987465
1580.72127 0.987961
1580.75104 0.989031
1580.78081 0.989803
1580.81059 0.989737
1580.84036 0.989115
1580.87014 0.987931
1580.89992 0.984005
1580.92969 0.964097
1580.95947 0.903827
1580.98925 0.845706
1581.01903 0.882572
1581.04881 0.950642
1581.07858 0.980798
1581.10837 0.987335
1581.13815 0.988711
1581.16793 0.988572
1581.19771 0.988064
1581.22749 0.988609
1581.25727 0.989723
1581.28706 0.990201
1581.31684 0.990013
1581.34663 0.989241
1581.37641 0.986915
1581.4062 0.977423
1581.43598 0.941275
1581.46577 0.880245
1581.49556 0.871221
1581.52535 0.933122
1581.55514 0.976133
1581.58493 0.986415
1581.61472 0.988292
1581.64451 0.989068
1581.6743 0.989161
1581.70409 0.988772
1581.73388 0.989034
1581.76367 0.989992
1581.79347 0.990474
1581.82326 0.990294
1581.85305 0.989479
1581.88285 0.986646
1581.91264 0.973852
1581.94244 0.933565
1581.97224 0.888828
1582.00203 0.90796
1582.03183 0.958734
1582.06163 0.983783
1582.09143 0.989193
1582.12123 0.990386
1582.15103 0.990777
1582.18083 0.990717
1582.21063 0.99011
1582.24043 0.989522
1582.27023 0.989841
1582.30004 0.990465
1582.32984 0.990529
1582.35964 0.989807
1582.38945 0.98695
1582.41925 0.974501
1582.44906 0.93621
1582.47886 0.900163
1582.50867 0.929853
1582.53848 0.971385
1582.56829 0.986525
1582.59809 0.989639
1582.6279 0.990571
1582.65771 0.991009
1582.68752 0.991178
1582.71733 0.991038
1582.74714 0.990698
1582.77696 0.990573
1582.80677 0.990673
1582.83658 0.99068
1582.86639 0.990132
1582.89621 0.988402
1582.92602 0.980174
1582.95584 0.946821
1582.98565 0.911318
1583.01547 0.939724
1583.04529 0.974929
1583.0751 0.985294
1583.10492 0.986791
1583.13474 0.988159
1583.16456 0.989925
1583.19438 0.990749
1583.2242 0.990797
1583.25402 0.990623
1583.28384 0.990064
1583.31366 0.989523
1583.34348 0.989791
1583.37331 0.990351
1583.40313 0.990059
1583.43295 0.986731
1583.46278 0.972433
1583.4926 0.945419
1583.52243 0.937928
1583.55226 0.965625
1583.58208 0.985503
1583.61191 0.990104
1583.64174 0.991101
1583.67157 0.991456
1583.7014 0.991618
1583.73123 0.991678
1583.76106 0.991652
1583.79089 0.991591
1583.82072 0.991568
1583.85055 0.991473
1583.88038 0.991171
1583.91022 0.990743
1583.94005 0.98969
1583.96988 0.984265
1583.99972 0.968116
1584.02955 0.951615
1584.05939 0.959269
1584.08923 0.978132
1584.11906 0.987883
1584.1489 0.990591
1584.17874 0.991388
1584.20858 0.991646
1584.23842 0.991725
1584.26826 0.991735
1584.2981 0.991749
1584.32794 0.991775
1584.35778 0.991788
1584.38762 0.99172
1584.41746 0.991541
1584.44731 0.991227
1584.47715 0.990278
1584.50699 0.985674
1584.53684 0.971138
1584.56668 0.958924
1584.59653 0.972217
1584.62638 0.986466
1584.65622 0.990645
1584.68607 0.991482
1584.71592 0.991728
1584.74577 0.991828
1584.77562 0.991854
1584.80547 0.991785
1584.83532 0.991422
1584.86517 0.990643
1584.89502 0.990015
1584.92487 0.990137
1584.95473 0.990686
1584.98458 0.991144
1585.01443 0.990797
1585.04429 0.987414
1585.07414 0.976914
1585.104 0.968353
1585.13385 0.977369
1585.16371 0.987521
1585.19357 0.99084
1585.22343 0.991614
1585.25328 0.991847
1585.28314 0.991944
1585.313 0.992003
1585.34286 0.992037
1585.37272 0.99205
1585.40258 0.99205
1585.43245 0.992036
1585.46231 0.992017
1585.49217 0.991975
1585.52203 0.991868
1585.5519 0.991524
1585.58176 0.98992
1585.61163 0.984122
1585.64149 0.97676
1585.67136 0.978919
1585.70123 0.986583
1585.73109 0.99061
1585.76096 0.991626
1585.79083 0.991906
1585.8207 0.99201
1585.85057 0.99206
1585.88044 0.992084
1585.91031 0.992094
1585.94018 0.992089
1585.97005 0.992072
1585.99992 0.992048
1586.0298 0.992017
1586.05967 0.991962
1586.08955 0.991813
1586.11942 0.991357
1586.14929 0.989429
1586.17917 0.983771
1586.20905 0.979248
1586.23892 0.982909
1586.2688 0.984153
1586.29868 0.984187
1586.32856 0.988052
1586.35844 0.990973
1586.38832 0.991732
1586.4182 0.991843
1586.44808 0.991907
1586.47796 0.992013
1586.50784 0.992082
1586.53772 0.992106
1586.56761 0.992108
1586.59749 0.992093
1586.62737 0.992053
1586.65726 0.99193
1586.68714 0.991374
1586.71703 0.989148
1586.74692 0.98539
1586.7768 0.984762
1586.80669 0.988196
1586.83658 0.990672
1586.86647 0.991372
1586.89636 0.991462
1586.92625 0.991388
1586.95614 0.991584
1586.98603 0.991857
1587.01592 0.991959
1587.04581 0.991923
1587.07571 0.991716
1587.1056 0.990857
1587.13549 0.98831
1587.16539 0.984941
1587.19528 0.984817
1587.22518 0.988098
1587.25507 0.990117
1587.28497 0.988984
1587.31487 0.986509
1587.34476 0.986954
1587.37466 0.989313
1587.40456 0.990987
1587.43446 0.991691
1587.46436 0.991908
1587.49426 0.991979
1587.52416 0.992031
1587.55406 0.992093
1587.58397 0.992133
1587.61387 0.992126
1587.64377 0.992076
1587.67368 0.991996
1587.70358 0.991877
1587.73349 0.991764
1587.76339 0.991812
1587.7933 0.991923
1587.8232 0.991825
1587.85311 0.990972
1587.88302 0.989316
1587.91293 0.988883
1587.94284 0.990503
1587.97275 0.991745
1588.00266 0.992077
1588.03257 0.992143
1588.06248 0.992145
1588.09239 0.992099
1588.1223 0.991932
1588.15222 0.99151
1588.18213 0.99112
1588.21204 0.991358
1588.24196 0.991851
1588.27187 0.992094
1588.30179 0.992132
1588.33171 0.992109
1588.36162 0.992095
1588.39154 0.992058
1588.42146 0.99175
1588.45138 0.990633
1588.4813 0.989569
1588.51122 0.990529
1588.54114 0.991655
1588.57106 0.991905
1588.60098 0.991626
1588.6309 0.991202
1588.66082 0.991249
1588.69075 0.991719
1588.72067 0.992063
1588.75059 0.992179
1588.78052 0.99221
1588.81044 0.99222
1588.84037 0.992225
1588.8703 0.992226
1588.90022 0.992224
1588.93015 0.992217
1588.96008 0.992192
1588.99001 0.992086
1589.01994 0.99168
1589.04987 0.990994
1589.0798 0.990827
1589.10973 0.991331
1589.13966 0.991723
1589.16959 0.991982
1589.19952 0.992151
1589.22946 0.99221
1589.25939 0.992224
1589.28932 0.992225
1589.31926 0.992217
1589.3492 0.992195
1589.37913 0.992136
1589.40907 0.99199
1589.43901 0.991873
1589.46894 0.991983
1589.49888 0.992117
1589.52882 0.99214
1589.55876 0.992034
1589.5887 0.991659
1589.61864 0.991059
1589.64858 0.990835
1589.67852 0.991258
1589.70846 0.991839
1589.73841 0.992097
1589.76835 0.992101
1589.7983 0.992028
1589.82824 0.992027
1589.85818 0.992119
1589.88813 0.992189
1589.91808 0.992206
1589.94802 0.992199
1589.97797 0.992184
1590.00792 0.992165
1590.03787 0.992109
1590.06782 0.991926
1590.09777 0.991456
1590.12772 0.990882
1590.15767 0.990601
1590.18762 0.989933
1590.21757 0.988235
1590.24752 0.986982
1590.27747 0.98824
1590.30743 0.990392
1590.33738 0.991577
1590.36734 0.991977
1590.39729 0.992104
1590.42725 0.99216
1590.4572 0.99219
1590.48716 0.992208
1590.51712 0.992215
1590.54708 0.992201
1590.57704 0.992123
1590.60699 0.992002
1590.63695 0.992008
1590.66691 0.992134
1590.69688 0.992214
1590.72684 0.992231
1590.7568 0.992227
1590.78676 0.992201
1590.81672 0.992114
1590.84669 0.991895
1590.87665 0.991527
1590.90662 0.991208
1590.93658 0.991336
1590.96655 0.991805
1590.99651 0.992105
1591.02648 0.992191
1591.05645 0.992208
1591.08642 0.992171
1591.11639 0.992083
1591.14636 0.992059
1591.17633 0.992144
1591.2063 0.992212
1591.23627 0.992213
1591.26624 0.992179
1591.29621 0.992173
1591.32618 0.992212
1591.35616 0.992239
1591.38613 0.992241
1591.41611 0.992221
1591.44608 0.99216
1591.47606 0.992098
1591.50603 0.992124
1591.53601 0.99214
1591.56599 0.992085
1591.59596 0.991844
1591.62594 0.990779
1591.65592 0.987607
1591.6859 0.984842
1591.71588 0.987429
1591.74586 0.990612
1591.77584 0.991688
1591.80582 0.991981
1591.83581 0.992047
1591.86579 0.991961
1591.89577 0.991903
1591.92576 0.992011
1591.95574 0.99215
1591.98573 0.992215
1592.01571 0.992234
1592.0457 0.99224
1592.07569 0.992239
1592.10567 0.992229
1592.13566 0.992204
1592.16565 0.99215
1592.19564 0.992072
1592.22563 0.991962
1592.25562 0.99166
1592.28561 0.991339
1592.3156 0.991439
1592.34559 0.991742
1592.37558 0.991728
1592.40558 0.99095
1592.43557 0.988822
1592.46557 0.986804
1592.49556 0.987745
1592.52556 0.989912
1592.55555 0.991197
1592.58555 0.991793
1592.61554 0.992049
1592.64554 0.992138
1592.67554 0.992176
1592.70554 0.992179
1592.73554 0.992169
1592.76554 0.992177
1592.79554 0.992181
1592.82554 0.99211
1592.85554 0.99189
1592.88554 0.991682
1592.91555 0.991824
1592.94555 0.992074
1592.97555 0.992193
1593.00556 0.992229
1593.03556 0.992247
1593.06557 0.992261
1593.09557 0.992268
1593.12558 0.99227
1593.15559 0.992268
1593.18559 0.992266
1593.2156 0.992269
1593.24561 0.99227
1593.27562 0.992263
1593.30563 0.992247
1593.33564 0.992208
1593.36565 0.992061
1593.39566 0.991765
1593.42568 0.99161
1593.45569 0.991844
1593.4857 0.992117
1593.51572 0.99223
1593.54573 0.992259
1593.57575 0.992261
1593.60576 0.992259
1593.63578 0.992265
1593.6658 0.99226
1593.69581 0.992217
1593.72583 0.992144
1593.75585 0.992132
1593.78587 0.992198
1593.81589 0.992247
1593.84591 0.992255
1593.87593 0.992249
1593.90595 0.992251
1593.93597 0.992251
1593.96599 0.992239
1593.99602 0.9922
1594.02604 0.992096
1594.05607 0.99187
1594.08609 0.99161
1594.11611 0.991618
1594.14614 0.991764
1594.17617 0.991672
1594.20619 0.991247
1594.23622 0.990085
1594.26625 0.987333
1594.29628 0.985641
1594.32631 0.988288
1594.35634 0.990917
1594.38637 0.991746
1594.4164 0.991852
1594.44643 0.991521
1594.47646 0.990273
1594.50649 0.988816
1594.53653 0.989479
1594.56656 0.990752
1594.5966 0.991047
1594.62663 0.991089
1594.65667 0.991518
1594.6867 0.991961
1594.71674 0.992143
1594.74678 0.992164
1594.77681 0.992156
1594.80685 0.992161
1594.83689 0.992077
1594.86693 0.991889
1594.89697 0.991734
1594.92701 0.991508
1594.95705 0.991062
1594.98709 0.991005
1595.01714 0.991404
1595.04718 0.991575
1595.07722 0.991718
1595.10727 0.992007
1595.13731 0.992174
1595.16736 0.992148
1595.1974 0.991923
1595.22745 0.991752
1595.25749 0.991984
1595.28754 0.9922
1595.31759 0.992251
1595.34764 0.992217
1595.37769 0.992163
1595.40774 0.992203
1595.43779 0.992252
1595.46784 0.992235
1595.49789 0.992099
1595.52794 0.991885
1595.55799 0.991836
1595.58805 0.991957
1595.6181 0.9921
1595.64815 0.992116
1595.67821 0.991967
1595.70826 0.991864
1595.73832 0.991941
1595.76838 0.991898
1595.79843 0.991767
1595.82849 0.991676
1595.85855 0.991628
1595.88861 0.991914
1595.91867 0.992136
1595.94873 0.992096
1595.97879 0.991729
1596.00885 0.99123
1596.03891 0.991336
1596.06897 0.991759
1596.09903 0.99181
1596.1291 0.991172
1596.15916 0.989523
1596.18922 0.987739
1596.21929 0.987551
1596.24935 0.988435
1596.27942 0.989579
1596.30949 0.990657
1596.33955 0.99117
1596.36962 0.991526
1596.39969 0.991771
1596.42976 0.991467
1596.45983 0.990768
1596.4899 0.990629
1596.51997 0.991142
1596.55004 0.991564
1596.58011 0.991388
1596.61018 0.99059
1596.64026 0.989463
1596.67033 0.988924
1596.7004 0.989331
1596.73048 0.990139
1596.76055 0.991166
1596.79063 0.991794
1596.82071 0.991768
1596.85078 0.991478
1596.88086 0.991508
1596.91094 0.991662
1596.94102 0.991091
1596.9711 0.989937
1597.00117 0.989302
1597.03125 0.989268
1597.06134 0.990507
1597.09142 0.991476
1597.1215 0.991487
1597.15158 0.990511
1597.18166 0.987988
1597.21175 0.984213
1597.24183 0.982834
1597.27192 0.986785
1597.302 0.989954
1597.33209 0.990196
1597.36217 0.98982
1597.39226 0.990172
1597.42235 0.990119
1597.45244 0.98927
1597.48253 0.98782
1597.51261 0.985815
1597.5427 0.986656
1597.57279 0.989538
1597.60289 0.991318
1597.63298 0.991774
1597.66307 0.99149
1597.69316 0.989703
1597.72326 0.987123
1597.75335 0.987037
1597.78344 0.987616
1597.81354 0.988493
1597.84363 0.990165
1597.87373 0.990284
1597.90383 0.987423
1597.93392 0.984964
1597.96402 0.987918
1597.99412 0.990715
1598.02422 0.990709
1598.05432 0.988844
1598.08442 0.985886
1598.11452 0.982473
1598.14462 0.981922
1598.17472 0.986531
1598.20482 0.990136
1598.23493 0.990659
1598.26503 0.989775
1598.29513 0.987273
1598.32524 0.981011
1598.35534 0.975439
1598.38545 0.979301
1598.41556 0.986877
1598.44566 0.990479
1598.47577 0.990944
1598.50588 0.989253
1598.53599 0.981949
1598.56609 0.972509
1598.5962 0.975714
1598.62631 0.984663
1598.65643 0.987201
1598.68654 0.985549
1598.71665 0.985538
1598.74676 0.98337
1598.77687 0.973466
1598.80699 0.964398
1598.8371 0.972854
1598.86722 0.985184
1598.89733 0.989932
1598.92745 0.990314
1598.95756 0.988039
1598.98768 0.980211
1599.0178 0.964177
1599.04792 0.953352
1599.07804 0.966853
1599.10816 0.983445
1599.13828 0.989452
1599.1684 0.99033
1599.19852 0.989507
1599.22864 0.984126
1599.25876 0.963187
1599.28888 0.938309
1599.31901 0.950196
1599.34913 0.97536
1599.37925 0.986962
1599.40938 0.989519
1599.4395 0.989437
1599.46963 0.986325
1599.49976 0.970519
1599.52988 0.938466
1599.56001 0.928955
1599.59014 0.960336
1599.62027 0.982061
1599.6504 0.98518
1599.68053 0.985619
1599.71066 0.98684
1599.74079 0.982206
1599.77092 0.954064
1599.80106 0.913052
1599.83119 0.923364
1599.86132 0.963424
1599.89146 0.983685
1599.92159 0.987835
1599.95173 0.987606
1599.98186 0.984534
1600.012 0.976548
1600.04213 0.949861
1600.07227 0.903309
1600.10241 0.898592
1600.13255 0.948392
1600.16269 0.980504
1600.19283 0.987314
1600.22297 0.988274
1600.25311 0.987307
1600.28325 0.980645
1600.31339 0.950331
1600.34353 0.891416
1600.37368 0.87317
1600.40382 0.928745
1600.43397 0.973154
1600.46411 0.985361
1600.49426 0.987625
1600.5244 0.987424
1600.55455 0.984413
1600.5847 0.969243
1600.61484 0.915962
1600.64499 0.852804
1600.67514 0.87786
1600.70529 0.943511
1600.73544 0.976236
1600.76559 0.984691
1600.79574 0.986566
1600.82589 0.986082
1600.85604 0.981849
1600.8862 0.96009
1600.91635 0.884818
1600.9465 0.815004
1600.97666 0.883312
1601.00681 0.958871
1601.03697 0.98067
1601.06713 0.984139
1601.09728 0.984625
1601.12744 0.984526
1601.1576 0.979902
1601.18776 0.953216
1601.21792 0.873041
1601.24808 0.803178
1601.27824 0.864255
1601.3084 0.945713
1601.33856 0.975033
1601.36872 0.981485
1601.39888 0.983907
1601.42904 0.984102
1601.45921 0.979953
1601.48937 0.960997
1601.51954 0.893728
1601.5497 0.803679
1601.57987 0.821292
1601.61003 0.915444
1601.6402 0.969645
1601.67037 0.982923
1601.70054 0.985564
1601.73071 0.985608
1601.76088 0.983519
1601.79104 0.975388
1601.82122 0.940004
1601.85139 0.836086
1601.88156 0.75596
1601.91173 0.856387
1601.9419 0.952803
1601.97208 0.978392
1602.00225 0.983534
1602.03242 0.984499
1602.0626 0.983093
1602.09277 0.977828
1602.12295 0.9627
1602.15313 0.909566
1602.1833 0.804811
1602.21348 0.766427
1602.24366 0.868702
1602.27384 0.95407
1602.30402 0.978654
1602.3342 0.984064
1602.36438 0.985288
1602.39456 0.984575
1602.42474 0.981059
1602.45492 0.967335
1602.48511 0.910106
1602.51529 0.799846
1602.54548 0.764252
1602.57566 0.864448
1602.60584 0.951424
1602.63603 0.978259
1602.66622 0.983833
1602.6964 0.985327
1602.72659 0.985282
1602.75678 0.983412
1602.78697 0.975379
1602.81716 0.937432
1602.84735 0.83272
1602.87754 0.748485
1602.90773 0.828536
1602.93792 0.933442
1602.96811 0.973478
1602.9983 0.982666
1603.0285 0.984626
1603.05869 0.984551
1603.08888 0.983675
1603.11908 0.980311
1603.14928 0.963
1603.17947 0.889226
1603.20967 0.776755
1603.23986 0.782987
1603.27006 0.888517
1603.30026 0.957656
1603.33046 0.978833
1603.36066 0.98447
1603.39086 0.986015
1603.42106 0.986076
1603.45126 0.98483
1603.48146 0.980055
1603.51166 0.958567
1603.54187 0.887191
1603.57207 0.787914
1603.60227 0.792316
1603.63248 0.899507
1603.66268 0.965922
1603.69289 0.980374
1603.7231 0.982502
1603.7533 0.984768
1603.78351 0.986177
1603.81372 0.9854
1603.84393 0.981267
1603.87414 0.961908
1603.90434 0.884096
1603.93456 0.78381
1603.96477 0.821769
1603.99498 0.922562
1604.02519 0.971483
1604.0554 0.983251
1604.08561 0.986167
1604.11583 0.986221
1604.14604 0.984582
1604.17626 0.983666
1604.20647 0.982607
1604.23669 0.972093
1604.2669 0.924908
1604.29712 0.840522
1604.32734 0.821903
1604.35756 0.902276
1604.38778 0.964716
1604.418 0.982894
1604.44822 0.987105
1604.47844 0.988379
1604.50866 0.988647
1604.53888 0.988055
1604.5691 0.985695
1604.59932 0.980571
1604.62955 0.96558
1604.65977 0.905398
1604.68999 0.836711
1604.72022 0.884789
1604.75045 0.955387
1604.78067 0.98148
1604.8109 0.987421
1604.84113 0.989085
1604.87135 0.989708
1604.90158 0.989855
1604.93181 0.989603
1604.96204 0.988621
1604.99227 0.984762
1605.0225 0.967641
1605.05273 0.924042
1605.08296 0.892604
1605.1132 0.927728
1605.14343 0.97082
1605.17366 0.986468
1605.2039 0.989712
1605.23413 0.990572
1605.26437 0.990945
1605.2946 0.9911
1605.32484 0.991078
1605.35508 0.990773
1605.38531 0.989277
1605.41555 0.982212
1605.44579 0.966522
1605.47603 0.957798
1605.50627 0.968898
1605.53651 0.981062
1605.56675 0.987166
1605.59699 0.990155
1605.62723 0.991288
1605.65748 0.991624
1605.68772 0.991742
1605.71796 0.991794
1605.74821 0.99181
1605.77845 0.99179
1605.8087 0.991703
1605.83894 0.991501
1605.86919 0.991306
1605.89944 0.991242
1605.92969 0.990912
1605.95993 0.989639
1605.99018 0.985814
1606.02043 0.974943
1606.05068 0.944797
1606.08093 0.918902
1606.11118 0.949423
1606.14144 0.979732
1606.17169 0.988077
1606.20194 0.989978
1606.2322 0.990516
1606.26245 0.990662
1606.2927 0.990601
1606.32296 0.99021
1606.35321 0.98929
1606.38347 0.98713
1606.41373 0.977702
1606.44399 0.936855
1606.47424 0.876994
1606.5045 0.886717
1606.53476 0.944297
1606.56502 0.977972
1606.59528 0.986593
1606.62554 0.988307
1606.6558 0.988898
1606.68607 0.989354
1606.71633 0.989551
1606.74659 0.989253
1606.77686 0.988121
1606.80712 0.984584
1606.83738 0.969306
1606.86765 0.913981
1606.89792 0.840287
1606.92818 0.85579
1606.95845 0.930138
1606.98872 0.971629
1607.01899 0.983482
1607.04925 0.987517
1607.07952 0.988787
1607.10979 0.988806
1607.14006 0.988088
1607.17034 0.987185
1607.20061 0.986393
1607.23088 0.9834
1607.26115 0.968058
1607.29143 0.911684
1607.3217 0.824675
1607.35197 0.819548
1607.38225 0.907563
1607.41253 0.96683
1607.4428 0.981555
1607.47308 0.983596
1607.50336 0.984499
1607.53363 0.986869
1607.56391 0.988214
1607.59419 0.987724
1607.62447 0.986122
1607.65475 0.983475
1607.68503 0.973379
1607.71531 0.929491
1607.7456 0.832203
1607.77588 0.782269
1607.80616 0.871028
1607.83644 0.953668
1607.86673 0.978555
1607.89701 0.984078
1607.9273 0.986611
1607.95759 0.987585
1607.98787 0.986662
1608.01816 0.985
1608.04845 0.984053
1608.07873 0.983329
1608.10902 0.979452
1608.13931 0.95947
1608.1696 0.889437
1608.19989 0.788522
1608.23018 0.793848
1608.26048 0.900863
1608.29077 0.966363
1608.32106 0.980702
1608.35135 0.982569
1608.38165 0.983883
1608.41194 0.98425
1608.44224 0.983363
1608.47253 0.983871
1608.50283 0.984475
1608.53313 0.983097
1608.56342 0.978526
1608.59372 0.955524
1608.62402 0.864966
1608.65432 0.757786
1608.68462 0.812391
1608.71492 0.921022
1608.74522 0.970158
1608.77552 0.983005
1608.80582 0.986719
1608.83613 0.988091
1608.86643 0.988604
1608.89673 0.988521
1608.92704 0.98733
1608.95734 0.983646
1608.98765 0.978438
1609.01795 0.974278
1609.04826 0.956131
1609.07857 0.871844
1609.10887 0.763381
1609.13918 0.810592
1609.16949 0.920482
1609.1998 0.971449
1609.23011 0.983036
1609.26042 0.983806
1609.29073 0.980576
1609.32104 0.980341
1609.35136 0.984934
1609.38167 0.987719
1609.41198 0.987822
1609.4423 0.986774
1609.47261 0.983676
1609.50293 0.971615
1609.53324 0.920506
1609.56356 0.812413
1609.59387 0.767041
1609.62419 0.870232
1609.65451 0.954331
1609.68483 0.978687
1609.71515 0.985419
1609.74547 0.987639
1609.77579 0.988634
1609.80611 0.989058
1609.83643 0.988845
1609.86675 0.987241
1609.89707 0.983689
1609.9274 0.97974
1609.95772 0.974203
1609.98804 0.952782
1610.01837 0.869696
1610.0487 0.77433
1610.07902 0.837105
1610.10935 0.936614
1610.13967 0.975199
1610.17 0.983762
1610.20033 0.98463
1610.23066 0.982756
1610.26099 0.983123
1610.29132 0.983719
1610.32165 0.982881
1610.35198 0.984624
1610.38231 0.986502
1610.41264 0.9852
1610.44298 0.977791
1610.47331 0.947937
1610.50364 0.860966
1610.53398 0.786262
1610.56431 0.859079
1610.59465 0.944816
1610.62499 0.974128
1610.65532 0.979706
1610.68566 0.982102
1610.716 0.985758
1610.74634 0.988543
1610.77667 0.989586
1610.80701 0.989636
1610.83735 0.988874
1610.8677 0.98594
1610.89804 0.981179
1610.92838 0.976337
1610.95872 0.952355
1610.98906 0.876734
1611.01941 0.81201
1611.04975 0.869417
1611.0801 0.948894
1611.11044 0.979862
1611.14079 0.986881
1611.17113 0.988607
1611.20148 0.988197
1611.23183 0.985396
1611.26218 0.983339
1611.29253 0.985822
1611.32288 0.987912
1611.35323 0.985933
1611.38358 0.982178
1611.41393 0.980713
1611.44428 0.969704
1611.47463 0.923079
1611.50498 0.854342
1611.53534 0.855203
1611.56569 0.927211
1611.59605 0.970378
1611.6264 0.981372
1611.65676 0.986391
1611.68711 0.988216
1611.71747 0.987056
1611.74783 0.98496
1611.77818 0.985342
1611.80854 0.988064
1611.8389 0.989345
1611.86926 0.988939
1611.89962 0.987345
1611.92998 0.980187
1611.96034 0.950735
1611.99071 0.891774
1612.02107 0.863132
1612.05143 0.909461
1612.0818 0.962199
1612.11216 0.980542
1612.14252 0.983445
1612.17289 0.987175
1612.20326 0.989882
1612.23362 0.990609
1612.26399 0.990516
1612.29436 0.989152
1612.32472 0.986689
1612.35509 0.986287
1612.38546 0.987998
1612.41583 0.987828
1612.4462 0.981453
1612.47657 0.951567
1612.50695 0.896409
1612.53732 0.883492
1612.56769 0.932936
1612.59806 0.974132
1612.62844 0.986905
1612.65881 0.988983
1612.68919 0.988248
1612.71956 0.987498
1612.74994 0.988708
1612.78032 0.990363
1612.81069 0.990951
1612.84107 0.990511
1612.87145 0.98903
1612.90183 0.987613
1612.93221 0.987596
1612.96259 0.985499
1612.99297 0.970203
1613.02335 0.924291
1613.05373 0.890419
1613.08412 0.935264
1613.1145 0.975856
1613.14488 0.986823
1613.17527 0.989749
1613.20565 0.990653
1613.23604 0.990778
1613.26642 0.990041
1613.29681 0.989017
1613.3272 0.988619
1613.35758 0.987013
1613.38797 0.985413
1613.41836 0.986565
1613.44875 0.988248
1613.47914 0.987279
1613.50953 0.978414
1613.53992 0.947391
1613.57031 0.915284
1613.60071 0.937099
1613.6311 0.972662
1613.66149 0.987109
1613.69189 0.990298
1613.72228 0.991134
1613.75268 0.991478
1613.78307 0.991633
1613.81347 0.991635
1613.84387 0.991312
1613.87426 0.990513
1613.90466 0.989951
1613.93506 0.990373
1613.96546 0.990877
1613.99586 0.990485
1614.02626 0.987283
1614.05666 0.97242
1614.08706 0.944334
1614.11746 0.936781
1614.14787 0.962281
1614.17827 0.983163
1614.20867 0.98927
1614.23908 0.990269
1614.26948 0.990216
1614.29989 0.990366
1614.33029 0.990899
1614.3607 0.991505
1614.39111 0.991779
1614.42151 0.991768
1614.45192 0.991446
1614.48233 0.990448
1614.51274 0.989327
1614.54315 0.989191
1614.57356 0.987093
1614.60397 0.973314
1614.63438 0.950362
1614.6648 0.950482
1614.69521 0.971041
1614.72562 0.984153
1614.75604 0.988867
1614.78645 0.990635
1614.81687 0.991073
1614.84728 0.991209
1614.8777 0.991094
1614.90812 0.989902
1614.93853 0.988718
1614.96895 0.989967
1614.99937 0.991206
1615.02979 0.991495
1615.06021 0.99137
1615.09063 0.990404
1615.12105 0.987205
1615.15147 0.979205
1615.18189 0.96384
1615.21232 0.955681
1615.24274 0.972937
1615.27316 0.986986
1615.30359 0.989508
1615.33401 0.988217
1615.36444 0.987108
1615.39486 0.989049
1615.42529 0.991031
1615.45572 0.991463
1615.48614 0.991113
1615.51657 0.990139
1615.547 0.988164
1615.57743 0.987144
1615.60786 0.989018
1615.63829 0.990804
1615.66872 0.990706
1615.69916 0.987265
1615.72959 0.97695
1615.76002 0.9656
1615.79045 0.968565
1615.82089 0.980635
1615.85132 0.988368
1615.88176 0.990927
1615.91219 0.991507
1615.94263 0.991041
1615.97307 0.989071
1616.0035 0.986956
1616.03394 0.988044
1616.06438 0.990514
1616.09482 0.99165
1616.12526 0.991744
1616.1557 0.991367
1616.18614 0.990277
1616.21658 0.987891
1616.24703 0.985458
1616.27747 0.983704
1616.30791 0.977137
1616.33836 0.972407
1616.3688 0.981423
1616.39924 0.987637
1616.42969 0.986648
1616.46014 0.986245
1616.49058 0.988376
1616.52103 0.99001
1616.55148 0.990275
1616.58193 0.989189
1616.61238 0.987336
1616.64282 0.986083
1616.67327 0.985336
1616.70373 0.98573
1616.73418 0.988349
1616.76463 0.990598
1616.79508 0.990989
1616.82553 0.989204
1616.85599 0.982928
1616.88644 0.973759
1616.9169 0.973219
1616.94735 0.98247
1616.97781 0.989081
1617.00826 0.991118
1617.03872 0.99168
1617.06918 0.991579
1617.09964 0.990348
1617.1301 0.987743
1617.16056 0.986178
1617.19101 0.988011
1617.22148 0.990483
1617.25194 0.991286
1617.2824 0.990879
1617.31286 0.988976
1617.34332 0.986662
1617.37379 0.987385
1617.40425 0.989837
1617.43471 0.989783
1617.46518 0.985694
1617.49565 0.982553
1617.52611 0.986798
1617.55658 0.990182
1617.58705 0.989193
1617.61751 0.986581
1617.64798 0.986919
1617.67845 0.989816
1617.70892 0.991493
1617.73939 0.991394
1617.76986 0.989632
1617.80033 0.987147
1617.8308 0.987407
1617.86128 0.990125
1617.89175 0.991556
1617.92222 0.99105
1617.9527 0.989953
1617.98317 0.990159
1618.01365 0.990345
1618.04412 0.987947
1618.0746 0.983243
1618.10508 0.981904
1618.13556 0.986183
1618.16603 0.990232
1618.19651 0.991379
1618.22699 0.990271
1618.25747 0.987518
1618.28795 0.986539
1618.31843 0.989331
1618.34892 0.991511
1618.3794 0.991952
1618.40988 0.991768
1618.44036 0.991611
1618.47085 0.99189
1618.50133 0.991943
1618.53182 0.991061
1618.5623 0.98878
1618.59279 0.987008
1618.62328 0.987779
1618.65376 0.986983
1618.68425 0.984335
1618.71474 0.984971
1618.74523 0.985837
1618.77572 0.987006
1618.80621 0.987224
1618.8367 0.986667
1618.86719 0.987504
1618.89768 0.988553
1618.92818 0.990087
1618.95867 0.991446
1618.98916 0.991776
1619.01966 0.991034
1619.05015 0.988907
1619.08065 0.987131
1619.11114 0.988703
1619.14164 0.990729
1619.17214 0.990616
1619.20264 0.988773
1619.23313 0.987579
1619.26363 0.988346
1619.29413 0.989045
1619.32463 0.990305
1619.35513 0.991641
1619.38563 0.992136
1619.41614 0.992026
1619.44664 0.991682
1619.47714 0.991613
1619.50765 0.991712
1619.53815 0.990671
1619.56865 0.988661
1619.59916 0.988718
1619.62966 0.990532
1619.66017 0.990802
1619.69068 0.989269
1619.72119 0.988777
1619.75169 0.990473
1619.7822 0.991834
1619.81271 0.992209
1619.84322 0.99215
1619.87373 0.99162
1619.90424 0.990853
1619.93475 0.990919
1619.96527 0.991737
1619.99578 0.992158
1620.02629 0.991909
1620.05681 0.990464
1620.08732 0.988724
1620.11784 0.989593
1620.14835 0.99056
1620.17887 0.989752
1620.20938 0.989339
1620.2399 0.990612
1620.27042 0.991841
1620.30094 0.992277
1620.33146 0.992353
1620.36198 0.992252
1620.3925 0.99193
1620.42302 0.991645
1620.45354 0.991655
1620.48406 0.991148
1620.51458 0.989909
1620.54511 0.989564
1620.57563 0.989585
1620.60615 0.988912
1620.63668 0.989082
1620.6672 0.989169
1620.69773 0.988811
1620.72826 0.989525
1620.75878 0.990652
1620.78931 0.991667
1620.81984 0.992218
1620.85037 0.992379
1620.8809 0.992419
1620.91143 0.992426
1620.94196 0.992401
1620.97249 0.992228
1621.00302 0.991446
1621.03355 0.990533
1621.06409 0.990843
1621.09462 0.990575
1621.12515 0.989426
1621.15569 0.988713
1621.18622 0.98847
1621.21676 0.989052
1621.2473 0.990459
1621.27783 0.991009
1621.30837 0.990628
1621.33891 0.990811
1621.36945 0.991603
1621.39999 0.992024
1621.43052 0.991631
1621.46107 0.990808
1621.49161 0.990436
1621.52215 0.990299
1621.55269 0.990472
1621.58323 0.990981
1621.61378 0.991314
1621.64432 0.990579
1621.67486 0.989437
1621.70541 0.989364
1621.73595 0.990473
1621.7665 0.991565
1621.79705 0.991644
1621.82759 0.99108
1621.85814 0.991059
1621.88869 0.991726
1621.91924 0.992151
1621.94979 0.992075
1621.98034 0.991786
1622.01089 0.991522
1622.04144 0.99147
1622.07199 0.991902
1622.10254 0.992062
1622.1331 0.991566
1622.16365 0.990781
1622.19421 0.99007
1622.22476 0.989602
1622.25532 0.990273
1622.28587 0.991225
1622.31643 0.991735
1622.34698 0.991801
1622.37754 0.991403
1622.4081 0.990681
1622.43866 0.989923
1622.46922 0.990634
1622.49978 0.991708
1622.53034 0.992085
1622.5609 0.992137
1622.59146 0.992264
1622.62202 0.99239
1622.65259 0.992408
1622.68315 0.992261
1622.71371 0.991654
1622.74428 0.990597
1622.77484 0.990206
1622.80541 0.990578
1622.83597 0.990411
1622.86654 0.990249
1622.89711 0.991017
1622.92768 0.991799
1622.95825 0.991885
1622.98881 0.99179
1623.01938 0.991895
1623.04995 0.991951
1623.08052 0.992049
1623.1111 0.992158
1623.14167 0.991988
1623.17224 0.991733
1623.20281 0.991725
1623.23339 0.991589
1623.26396 0.991296
1623.29454 0.990896
1623.32511 0.990886
1623.35569 0.991437
1623.38626 0.992068
1623.41684 0.992366
1623.44742 0.992431
1623.478 0.992392
1623.50858 0.992068
1623.53916 0.990803
1623.56974 0.98919
1623.60032 0.989667
1623.6309 0.991082
1623.66148 0.991296
1623.69206 0.990976
1623.72264 0.991168
1623.75323 0.990654
1623.78381 0.98902
1623.8144 0.988325
1623.84498 0.988561
1623.87557 0.988138
1623.90615 0.987719
1623.93674 0.9883
1623.96733 0.990147
1623.99792 0.991442
1624.02851 0.991024
1624.05909 0.98997
1624.08968 0.989975
1624.12027 0.99008
1624.15087 0.990663
1624.18146 0.991695
1624.21205 0.991954
1624.24264 0.990768
1624.27324 0.989238
1624.30383 0.990126
1624.33442 0.991551
1624.36502 0.992003
1624.39561 0.992087
1624.42621 0.99211
1624.45681 0.992077
1624.4874 0.992198
1624.518 0.992357
1624.5486 0.992391
1624.5792 0.992262
1624.6098 0.991784
1624.6404 0.990999
1624.671 0.990782
1624.7016 0.991447
1624.7322 0.992029
1624.76281 0.992036
1624.79341 0.991856
1624.82401 0.992082
1624.85462 0.992343
1624.88522 0.992374
1624.91583 0.992307
1624.94643 0.992326
1624.97704 0.992384
1625.00765 0.992326
1625.03825 0.992184
1625.06886 0.992021
1625.09947 0.991677
1625.13008 0.991588
1625.16069 0.992003
1625.1913 0.992313
1625.22191 0.992244
1625.25252 0.991585
1625.28314 0.990378
1625.31375 0.989712
1625.34436 0.990031
1625.37498 0.990788
1625.40559 0.991582
1625.43621 0.992017
1625.46682 0.99186
1625.49744 0.991271
1625.52806 0.99098
1625.55867 0.990989
1625.58929 0.990675
1625.61991 0.990384
1625.65053 0.990856
1625.68115 0.991118
1625.71177 0.99085
1625.74239 0.990869
1625.77301 0.99081
1625.80363 0.991316
1625.83426 0.991782
1625.86488 0.990716
1625.8955 0.987799
1625.92613 0.985365
1625.95675 0.98517
1625.98738 0.987297
1626.018 0.98923
1626.04863 0.989374
1626.07926 0.988953
1626.10989 0.988892
1626.14052 0.988916
1626.17114 0.989725
1626.20177 0.990539
1626.2324 0.990755
1626.26303 0.990956
1626.29367 0.991572
1626.3243 0.992143
1626.35493 0.992401
1626.38556 0.992469
1626.4162 0.992461
1626.44683 0.992389
1626.47747 0.992029
1626.5081 0.990604
1626.53874 0.988641
1626.56937 0.989014
1626.60001 0.991089
1626.63065 0.992202
1626.66129 0.992362
1626.69193 0.992329
1626.72257 0.992391
1626.75321 0.992438
1626.78385 0.99235
1626.81449 0.99223
1626.84513 0.992289
1626.87577 0.992418
1626.90641 0.992426
1626.93706 0.992293
1626.9677 0.992203
1626.99835 0.992302
1627.02899 0.992277
1627.05964 0.991801
1627.09028 0.99108
1627.12093 0.990179
1627.15158 0.987331
1627.18223 0.984485
1627.21287 0.985374
1627.24352 0.987028
1627.27417 0.988037
1627.30482 0.988083
1627.33547 0.98782
1627.36613 0.989628
1627.39678 0.991403
1627.42743 0.991995
1627.45808 0.992037
1627.48874 0.991415
1627.51939 0.990039
1627.55005 0.989469
1627.5807 0.99075
1627.61136 0.991837
1627.64202 0.991905
1627.67267 0.991791
1627.70333 0.991956
1627.73399 0.992013
1627.76465 0.991903
1627.79531 0.991718
1627.82597 0.991895
1627.85663 0.992218
1627.88729 0.992292
1627.91795 0.992053
1627.94861 0.99167
1627.97928 0.99129
1628.00994 0.989803
1628.04061 0.985506
1628.07127 0.980232
1628.10194 0.979226
1628.1326 0.982015
1628.16327 0.984978
1628.19394 0.987387
1628.2246 0.988835
1628.25527 0.989394
1628.28594 0.989389
1628.31661 0.989583
1628.34728 0.989509
1628.37795 0.990247
1628.40862 0.991159
1628.43929 0.991743
1628.46997 0.991759
1628.50064 0.990648
1628.53131 0.988841
1628.56199 0.98772
1628.59266 0.987362
1628.62334 0.987497
1628.65401 0.986627
1628.68469 0.984803
1628.71536 0.984731
1628.74604 0.988074
1628.77672 0.990792
1628.8074 0.991742
1628.83808 0.991978
1628.86876 0.991811
1628.89944 0.991822
1628.93012 0.992171
1628.9608 0.992271
1628.99148 0.991741
1629.02217 0.990904
1629.05285 0.991037
1629.08353 0.991893
1629.11422 0.992357
1629.1449 0.992368
1629.17559 0.992014
1629.20627 0.991575
1629.23696 0.991617
1629.26765 0.990993
1629.29834 0.988967
1629.32902 0.987505
1629.35971 0.987927
1629.3904 0.988605
1629.42109 0.989806
1629.45178 0.991325
1629.48248 0.992056
1629.51317 0.991923
1629.54386 0.991669
1629.57455 0.991995
1629.60525 0.992332
1629.63594 0.992276
1629.66664 0.991517
1629.69733 0.990508
1629.72803 0.990957
1629.75872 0.99197
1629.78942 0.9924
1629.82012 0.992413
1629.85082 0.992149
1629.88152 0.991784
1629.91222 0.991691
1629.94292 0.991688
1629.97362 0.991905
1630.00432 0.991719
1630.03502 0.990825
1630.06572 0.990558
1630.09643 0.991533
1630.12713 0.992264
1630.15783 0.99241
1630.18854 0.992272
1630.21924 0.991909
1630.24995 0.991712
1630.28066 0.99187
1630.31136 0.991343
1630.34207 0.988944
1630.37278 0.985104
1630.40349 0.982519
1630.4342 0.980703
1630.46491 0.974426
1630.49562 0.965935
1630.52633 0.966276
1630.55704 0.971262
1630.58775 0.979291
1630.61846 0.986267
1630.64918 0.985937
1630.67989 0.979278
1630.71061 0.977922
1630.74132 0.984052
1630.77204 0.987307
1630.80275 0.989054
1630.83347 0.991076
1630.86419 0.992052
1630.8949 0.992247
1630.92562 0.991921
1630.95634 0.991076
1630.98706 0.990529
1631.01778 0.990741
1631.0485 0.990853
1631.07922 0.990337
1631.10995 0.989297
1631.14067 0.989552
1631.17139 0.991211
1631.20212 0.992207
1631.23284 0.992402
1631.26357 0.992307
1631.29429 0.991577
1631.32502 0.989245
1631.35574 0.987418
1631.38647 0.989673
1631.4172 0.991574
1631.44793 0.991078
1631.47866 0.989287
1631.50939 0.988484
1631.54012 0.988953
1631.57085 0.989022
1631.60158 0.990275
1631.63231 0.991725
1631.66304 0.992247
1631.69378 0.992258
1631.72451 0.992063
1631.75524 0.992035
1631.78598 0.992257
1631.81671 0.99236
1631.84745 0.992053
1631.87819 0.991362
1631.90892 0.99117
1631.93966 0.991849
1631.9704 0.992245
1632.00114 0.991883
1632.03188 0.989612
1632.06262 0.98524
1632.09336 0.984055
1632.1241 0.987769
1632.15484 0.990927
1632.18558 0.991998
1632.21633 0.992114
1632.24707 0.991606
1632.27781 0.991024
1632.30856 0.991336
1632.3393 0.991452
1632.37005 0.989944
1632.4008 0.986391
1632.43154 0.983811
1632.46229 0.985457
1632.49304 0.988151
1632.52379 0.989289
1632.55454 0.989924
1632.58529 0.990362
1632.61604 0.989664
1632.64679 0.987129
1632.67754 0.985782
1632.70829 0.987466
1632.73904 0.989286
1632.7698 0.989835
1632.80055 0.988403
1632.83131 0.983953
1632.86206 0.976144
1632.89282 0.970513
1632.92357 0.973421
1632.95433 0.97863
1632.98509 0.977215
1633.01584 0.972143
1633.0466 0.970739
1633.07736 0.975771
1633.10812 0.982875
1633.13888 0.984741
1633.16964 0.983313
1633.2004 0.985024
1633.23117 0.988801
1633.26193 0.99073
1633.29269 0.991281
1633.32346 0.991719
1633.35422 0.991986
1633.38498 0.991835
1633.41575 0.991205
1633.44652 0.990634
1633.47728 0.989773
1633.50805 0.98702
1633.53882 0.984723
1633.56959 0.986268
1633.60036 0.988019
1633.63112 0.988539
1633.66189 0.988469
1633.69267 0.988666
1633.72344 0.98998
1633.75421 0.99028
1633.78498 0.988772
1633.81575 0.986516
1633.84653 0.986516
1633.8773 0.989322
1633.90808 0.991073
1633.93885 0.991135
1633.96963 0.991149
1634.0004 0.991709
1634.03118 0.992062
1634.06196 0.992319
1634.09274 0.992442
1634.12352 0.992364
1634.1543 0.992029
1634.18508 0.991546
1634.21586 0.990876
1634.24664 0.989802
1634.27742 0.989528
1634.3082 0.989681
1634.33898 0.989994
1634.36977 0.990037
1634.40055 0.989317
1634.43134 0.987906
1634.46212 0.986557
1634.49291 0.987729
1634.52369 0.989982
1634.55448 0.991596
1634.58527 0.991993
1634.61606 0.991827
1634.64684 0.991999
1634.67763 0.992288
1634.70842 0.992439
1634.73921 0.992452
1634.77 0.99229
1634.8008 0.991511
1634.83159 0.989227
1634.86238 0.986022
1634.89317 0.985261
1634.92397 0.987653
1634.95476 0.988682
1634.98556 0.987912
1635.01635 0.988553
1635.04715 0.990222
1635.07795 0.991349
1635.10874 0.991973
1635.13954 0.992182
1635.17034 0.991987
1635.20114 0.991499
1635.23194 0.991031
1635.26274 0.99073
1635.29354 0.990319
1635.32434 0.988732
1635.35514 0.980005
1635.38595 0.947476
1635.41675 0.904076
1635.44755 0.90601
1635.47836 0.937747
1635.50916 0.971472
1635.53997 0.986817
1635.57077 0.989482
1635.60158 0.990431
1635.63239 0.991541
1635.6632 0.992135
1635.694 0.992163
1635.72481 0.991836
1635.75562 0.991357
1635.78643 0.991068
1635.81724 0.991272
1635.84805 0.990808
1635.87887 0.989624
1635.90968 0.989819
1635.94049 0.989718
1635.97131 0.988872
1636.00212 0.988265
1636.03293 0.987671
1636.06375 0.988555
1636.09457 0.988488
1636.12538 0.987382
1636.1562 0.98897
1636.18702 0.989831
1636.21783 0.989708
1636.24865 0.990509
1636.27947 0.991709
1636.31029 0.992333
1636.34111 0.992489
1636.37193 0.992484
1636.40276 0.992311
1636.43358 0.991967
1636.4644 0.991774
1636.49523 0.991593
1636.52605 0.991231
1636.55687 0.991294
1636.5877 0.990265
1636.61853 0.985827
1636.64935 0.980242
1636.68018 0.97927
1636.71101 0.98202
1636.74183 0.986176
1636.77266 0.989757
1636.80349 0.991325
1636.83432 0.991043
1636.86515 0.990519
1636.89598 0.991128
1636.92681 0.99166
1636.95765 0.991975
1636.98848 0.992323
1637.01931 0.992482
1637.05015 0.992456
1637.08098 0.992147
1637.11182 0.991279
1637.14265 0.990084
1637.17349 0.989391
1637.20433 0.989893
1637.23516 0.991261
1637.266 0.992145
1637.29684 0.99236
1637.32768 0.992242
1637.35852 0.991433
1637.38936 0.989232
1637.4202 0.987313
1637.45104 0.988443
1637.48188 0.990099
1637.51273 0.98924
1637.54357 0.987355
1637.57441 0.985446
1637.60526 0.972688
1637.6361 0.938838
1637.66695 0.90335
1637.69779 0.892699
1637.72864 0.90798
1637.75949 0.948734
1637.79034 0.966419
1637.82118 0.952554
1637.85203 0.948082
1637.88288 0.968916
1637.91373 0.98475
1637.94458 0.989837
1637.97543 0.99147
1638.00629 0.991762
1638.03714 0.991293
1638.06799 0.990898
1638.09885 0.991387
1638.1297 0.991553
1638.16056 0.99057
1638.19141 0.987877
1638.22227 0.985617
1638.25312 0.988098
1638.28398 0.991117
1638.31484 0.992168
1638.3457 0.992361
1638.37656 0.992272
1638.40741 0.991839
1638.43827 0.991254
1638.46914 0.991024
1638.5 0.990297
1638.53086 0.987722
1638.56172 0.98406
1638.59258 0.982824
1638.62345 0.986365
1638.65431 0.990105
1638.68518 0.991688
1638.71604 0.992209
1638.74691 0.992376
1638.77777 0.992398
1638.80864 0.992346
1638.83951 0.992148
1638.87038 0.991087
1638.90125 0.986278
1638.93212 0.979902
1638.96299 0.981987
1638.99386 0.987097
1639.02473 0.989462
1639.0556 0.989477
1639.08647 0.987303
1639.11734 0.985647
1639.14822 0.987573
1639.17909 0.990306
1639.20997 0.990782
1639.24084 0.988632
1639.27172 0.984052
1639.30259 0.980366
1639.33347 0.983102
1639.36435 0.988527
1639.39523 0.990639
1639.4261 0.989622
1639.45698 0.987027
1639.48786 0.983054
1639.51874 0.97842
1639.54962 0.979254
1639.58051 0.98507
1639.61139 0.987674
1639.64227 0.982162
1639.67315 0.975329
1639.70404 0.98041
1639.73492 0.984165
1639.76581 0.98483
1639.79669 0.988407
1639.82758 0.991218
1639.85847 0.992005
1639.88935 0.992109
1639.92024 0.991931
1639.95113 0.991099
1639.98202 0.988057
1640.01291 0.980768
1640.0438 0.974731
1640.07469 0.979563
1640.10558 0.987383
1640.13647 0.990288
1640.16737 0.989979
1640.19826 0.987518
1640.22915 0.975007
1640.26005 0.935809
1640.29094 0.885972
1640.32184 0.871034
1640.35273 0.863368
1640.38363 0.859284
1640.41453 0.912613
1640.44543 0.960152
1640.47633 0.976531
1640.50722 0.982053
1640.53812 0.986199
1640.56902 0.989786
1640.59992 0.991431
1640.63083 0.991845
1640.66173 0.991889
1640.69263 0.991607
1640.72353 0.989705
1640.75444 0.980713
1640.78534 0.968163
1640.81625 0.971829
1640.84715 0.98381
1640.87806 0.99013
1640.90896 0.991681
1640.93987 0.991786
1640.97078 0.991333
1641.00169 0.990897
1641.0326 0.99084
1641.06351 0.990585
1641.09442 0.989449
1641.12533 0.983655
1641.15624 0.970405
1641.18715 0.964899
1641.21806 0.977451
1641.24898 0.98824
1641.27989 0.991323
1641.3108 0.991955
1641.34172 0.992124
1641.37263 0.992157
1641.40355 0.992102
1641.43447 0.99189
1641.46538 0.99118
1641.4963 0.988227
1641.52722 0.975654
1641.55814 0.96016
1641.58906 0.969211
1641.61998 0.984474
1641.6509 0.990262
1641.68182 0.991042
1641.71274 0.990634
1641.74366 0.990727
1641.77459 0.991419
1641.80551 0.991833
1641.83643 0.99172
1641.86736 0.990575
1641.89828 0.984791
1641.92921 0.970595
1641.96014 0.961099
1641.99106 0.971837
1642.02199 0.985411
1642.05292 0.990667
1642.08385 0.99179
1642.11478 0.992036
1642.14571 0.99208
1642.17664 0.99196
1642.20757 0.991662
1642.2385 0.990989
1642.26943 0.988296
1642.30036 0.979573
1642.3313 0.964162
1642.36223 0.959247
1642.39317 0.975857
1642.4241 0.988321
1642.45504 0.991255
1642.48597 0.991786
1642.51691 0.99185
1642.54785 0.991811
1642.57879 0.991803
1642.60972 0.991624
1642.64066 0.990932
1642.6716 0.987809
1642.70254 0.974889
1642.73349 0.956715
1642.76443 0.959279
1642.79537 0.972498
1642.82631 0.970177
1642.85726 0.919772
1642.8882 0.823604
1642.91914 0.778777
1642.95009 0.827173
1642.98103 0.919699
1643.01198 0.973106
1643.04293 0.986348
1643.07387 0.986259
1643.10482 0.975293
1643.13577 0.959649
1643.16672 0.964657
1643.19767 0.980932
1643.22862 0.989141
1643.25957 0.989989
1643.29052 0.987385
1643.32147 0.984857
1643.35243 0.986588
1643.38338 0.989913
1643.41433 0.991407
1643.44529 0.991286
1643.47624 0.988979
1643.5072 0.979927
1643.53816 0.965355
1643.56911 0.964181
1643.60007 0.979558
1643.63103 0.989379
1643.66199 0.991275
1643.69294 0.991172
1643.7239 0.990875
1643.75486 0.990977
1643.78583 0.991042
1643.81679 0.990511
1643.84775 0.990333
1643.87871 0.989637
1643.90967 0.983154
1643.94064 0.969216
1643.9716 0.965116
1644.00257 0.979455
1644.03353 0.989532
1644.0645 0.991668
1644.09547 0.992082
1644.12643 0.992221
1644.1574 0.992267
1644.18837 0.992248
1644.21934 0.992162
1644.25031 0.99192
1644.28128 0.990837
1644.31225 0.98572
1644.34322 0.97466
1644.37419 0.969823
1644.40516 0.979969
1644.43614 0.989036
1644.46711 0.991652
1644.49808 0.992148
1644.52906 0.992287
1644.56003 0.992335
1644.59101 0.992336
1644.62199 0.992299
1644.65296 0.992168
1644.68394 0.991646
1644.71492 0.989228
1644.7459 0.982455
1644.77688 0.975942
1644.80786 0.979527
1644.83884 0.987412
1644.86982 0.991167
1644.9008 0.992052
1644.93178 0.992286
1644.96277 0.992339
1644.99375 0.99233
1645.02474 0.992278
1645.05572 0.992151
1645.08671 0.991799
1645.11769 0.990419
1645.14868 0.985843
1645.17966 0.978044
1645.21065 0.975405
1645.24164 0.982606
1645.27263 0.988852
1645.30362 0.990729
1645.33461 0.990879
1645.3656 0.990273
1645.39659 0.988536
1645.42758 0.983697
1645.45857 0.966767
1645.48957 0.89638
1645.52056 0.751122
1645.55155 0.679788
1645.58255 0.78759
1645.61354 0.917712
1645.64454 0.972609
1645.67554 0.985913
1645.70653 0.989058
1645.73753 0.989319
1645.76853 0.988044
1645.79953 0.987999
1645.83053 0.989993
1645.86153 0.991391
1645.89253 0.991328
1645.92353 0.989707
1645.95453 0.986999
1645.98553 0.986385
1646.01654 0.988668
1646.04754 0.9903
1646.07854 0.990203
1646.10955 0.989705
1646.14055 0.988487
1646.17156 0.987367
1646.20256 0.986523
1646.23357 0.984403
1646.26458 0.985525
1646.29559 0.989239
1646.3266 0.991496
1646.3576 0.9921
1646.38861 0.991993
1646.41962 0.991218
1646.45064 0.990148
1646.48165 0.990024
1646.51266 0.990685
1646.54367 0.99144
1646.57469 0.991709
1646.6057 0.990533
1646.63671 0.985872
1646.66773 0.979815
1646.69874 0.981072
1646.72976 0.987692
1646.76078 0.991348
1646.7918 0.992078
1646.82281 0.99195
1646.85383 0.991253
1646.88485 0.990528
1646.91587 0.990782
1646.94689 0.991628
1646.97791 0.992001
1647.00893 0.991513
1647.03996 0.988509
1647.07098 0.980016
1647.102 0.972818
1647.13303 0.978861
1647.16405 0.987738
1647.19507 0.991297
1647.2261 0.992068
1647.25713 0.992244
1647.28815 0.992203
1647.31918 0.991916
1647.35021 0.991553
1647.38124 0.991156
1647.41227 0.990239
1647.4433 0.988879
1647.47433 0.986106
1647.50536 0.976115
1647.53639 0.965272
1647.56742 0.975116
1647.59845 0.986768
1647.62949 0.989969
1647.66052 0.989752
1647.69155 0.989095
1647.72259 0.988953
1647.75362 0.989166
1647.78466 0.989372
1647.8157 0.990107
1647.84673 0.990992
1647.87777 0.990547
1647.90881 0.985836
1647.93985 0.970932
1647.97089 0.958093
1648.00193 0.970276
1648.03297 0.983147
1648.06401 0.986034
1648.09505 0.985436
1648.1261 0.982622
1648.15714 0.965286
1648.18818 0.885395
1648.21923 0.772085
1648.25027 0.800117
1648.28132 0.913579
1648.31236 0.969119
1648.34341 0.976434
1648.37446 0.968216
1648.40551 0.955459
1648.43655 0.960998
1648.4676 0.972805
1648.49865 0.978402
1648.5297 0.982796
1648.56075 0.986714
1648.59181 0.987727
1648.62286 0.985969
1648.65391 0.986438
1648.68496 0.989307
1648.71602 0.99112
1648.74707 0.991179
1648.77813 0.988939
1648.80918 0.978858
1648.84024 0.963633
1648.87129 0.965169
1648.90235 0.978394
1648.93341 0.983647
1648.96447 0.982536
1648.99553 0.98434
1649.02658 0.988901
1649.05764 0.991137
1649.08871 0.990471
1649.11977 0.988615
1649.15083 0.988016
1649.18189 0.987468
1649.21295 0.984286
1649.24402 0.975739
1649.27508 0.961649
1649.30615 0.957339
1649.33721 0.971493
1649.36828 0.983074
1649.39934 0.985834
1649.43041 0.98684
1649.46148 0.988178
1649.49255 0.989807
1649.52362 0.989527
1649.55469 0.987371
1649.58576 0.985834
1649.61683 0.984775
1649.6479 0.983096
1649.67897 0.982112
1649.71004 0.975659
1649.74111 0.964563
1649.77219 0.966652
1649.80326 0.981438
1649.83434 0.989978
1649.86541 0.991694
1649.89649 0.991975
1649.92756 0.992146
1649.95864 0.99226
1649.98972 0.992242
1650.0208 0.991954
1650.05188 0.990864
1650.08296 0.98895
1650.11404 0.987264
1650.14512 0.983099
1650.1762 0.971332
1650.20728 0.964003
1650.23836 0.976722
1650.26944 0.988226
1650.30053 0.991276
1650.33161 0.99154
1650.3627 0.990309
1650.39378 0.988238
1650.42487 0.987223
1650.45595 0.986313
1650.48704 0.985604
1650.51813 0.986198
1650.54922 0.988013
1650.58031 0.988135
1650.6114 0.982112
1650.64249 0.969897
1650.67358 0.966546
1650.70467 0.978707
1650.73576 0.986548
1650.76685 0.986538
1650.79794 0.982417
1650.82904 0.977268
1650.86013 0.972343
1650.89123 0.936924
1650.92232 0.833041
1650.95342 0.73989
1650.98451 0.796579
1651.01561 0.912604
1651.04671 0.967316
1651.07781 0.972456
1651.1089 0.964396
1651.14 0.971727
1651.1711 0.984365
1651.2022 0.988962
1651.23331 0.987995
1651.26441 0.986693
1651.29551 0.988073
1651.32661 0.989995
1651.35772 0.989648
1651.38882 0.988779
1651.41992 0.989935
1651.45103 0.989372
1651.48214 0.985584
1651.51324 0.982096
1651.54435 0.975328
1651.57546 0.967259
1651.60656 0.97686
1651.63767 0.987179
1651.66878 0.989437
1651.69989 0.990059
1651.731 0.991324
1651.76211 0.99207
1651.79322 0.992214
1651.82434 0.992162
1651.85545 0.991979
1651.88656 0.991592
1651.91768 0.990613
1651.94879 0.987123
1651.97991 0.976344
1652.01102 0.960114
1652.04214 0.957975
1652.07326 0.974842
1652.10437 0.987326
1652.13549 0.990891
1652.16661 0.991772
1652.19773 0.992088
1652.22885 0.992202
1652.25997 0.992234
1652.29109 0.992282
1652.32221 0.992244
1652.35333 0.991988
1652.38446 0.991151
1652.41558 0.989663
1652.4467 0.98815
1652.47783 0.983454
1652.50895 0.97768
1652.54008 0.982721
1652.57121 0.989454
1652.60233 0.991724
1652.63346 0.992152
1652.66459 0.992303
1652.69572 0.992434
1652.72685 0.992527
1652.75798 0.992568
1652.78911 0.992569
1652.82024 0.99254
1652.85137 0.992474
1652.8825 0.992305
1652.91363 0.991472
1652.94477 0.987512
1652.9759 0.981729
1653.00703 0.983104
1653.03817 0.988536
1653.06931 0.99067
1653.10044 0.990286
1653.13158 0.990355
1653.16272 0.991314
1653.19385 0.992019
1653.22499 0.99201
1653.25613 0.991447
1653.28727 0.990905
1653.31841 0.991032
1653.34955 0.991217
1653.38069 0.990677
1653.41184 0.988136
1653.44298 0.980141
1653.47412 0.969473
1653.50527 0.96981
1653.53641 0.979913
1653.56756 0.986411
1653.5987 0.986875
1653.62985 0.981774
1653.66099 0.954416
1653.69214 0.848584
1653.72329 0.740366
1653.75444 0.833434
1653.78559 0.944829
1653.81674 0.979783
1653.84789 0.987403
1653.87904 0.989134
1653.91019 0.987369
1653.94134 0.984421
1653.97249 0.986611
1654.00365 0.990246
1654.0348 0.991721
1654.06596 0.991765
1654.09711 0.991308
1654.12827 0.991296
1654.15942 0.99171
1654.19058 0.99158
1654.22174 0.990937
1654.25289 0.991168
1654.28405 0.991707
1654.31521 0.9919
1654.34637 0.992013
1654.37753 0.991533
1654.40869 0.989135
1654.43985 0.986883
1654.47102 0.988921
1654.50218 0.990836
1654.53334 0.991591
1654.56451 0.992131
1654.59567 0.992403
1654.62684 0.992334
1654.658 0.992136
1654.68917 0.992186
1654.72033 0.991969
1654.7515 0.991011
1654.78267 0.989882
1654.81384 0.989468
1654.84501 0.989916
1654.87618 0.989927
1654.90735 0.986968
1654.93852 0.983007
1654.96969 0.983929
1655.00086 0.986519
1655.03203 0.984247
1655.06321 0.980713
1655.09438 0.98333
1655.12556 0.988535
1655.15673 0.990258
1655.18791 0.988247
1655.21908 0.986544
1655.25026 0.988567
1655.28144 0.990403
1655.31261 0.98873
1655.34379 0.984496
1655.37497 0.982982
1655.40615 0.985753
1655.43733 0.988004
1655.46851 0.98856
1655.49969 0.987461
1655.53088 0.987905
1655.56206 0.990342
1655.59324 0.991825
1655.62443 0.991663
1655.65561 0.989515
1655.68679 0.985311
1655.71798 0.982932
1655.74917 0.984911
1655.78035 0.985533
1655.81154 0.982042
1655.84273 0.980034
1655.87392 0.983257
1655.90511 0.986275
1655.9363 0.988561
1655.96749 0.990419
1655.99868 0.990951
1656.02987 0.990688
1656.06106 0.989629
1656.09225 0.987842
1656.12345 0.98734
1656.15464 0.988885
1656.18583 0.988753
1656.21703 0.988412
1656.24822 0.989796
1656.27942 0.990908
1656.31062 0.99065
1656.34181 0.989694
1656.37301 0.989127
1656.40421 0.987764
1656.43541 0.985119
1656.46661 0.977986
1656.49781 0.941999
1656.52901 0.884359
1656.56021 0.890028
1656.59141 0.945318
1656.62262 0.979301
1656.65382 0.987469
1656.68502 0.988223
1656.71623 0.989097
1656.74743 0.990845
1656.77864 0.991866
1656.80984 0.991913
1656.84105 0.991447
1656.87226 0.991057
1656.90347 0.990706
1656.93467 0.990464
1656.96588 0.991093
1656.99709 0.991431
1657.0283 0.989708
1657.05951 0.986969
1657.09073 0.986245
1657.12194 0.985554
1657.15315 0.986242
1657.18436 0.987451
1657.21558 0.987811
1657.24679 0.987955
1657.27801 0.986589
1657.30922 0.98482
1657.34044 0.987028
1657.37165 0.990328
1657.40287 0.991682
1657.43409 0.991794
1657.46531 0.991905
1657.49653 0.992265
1657.52775 0.992485
1657.55897 0.992422
1657.59019 0.992016
1657.62141 0.991549
1657.65263 0.99167
1657.68385 0.991898
1657.71508 0.991242
1657.7463 0.989192
1657.77752 0.986318
1657.80875 0.985579
1657.83997 0.988318
1657.8712 0.990453
1657.90243 0.991576
1657.93366 0.991667
1657.96488 0.991149
1657.99611 0.990971
1658.02734 0.9912
1658.05857 0.991963
1658.0898 0.992373
1658.12103 0.992141
1658.15226 0.991734
1658.18349 0.991867
1658.21473 0.992365
1658.24596 0.992633
1658.27719 0.992692
1658.30843 0.992689
1658.33966 0.992614
1658.3709 0.992299
1658.40213 0.991804
1658.43337 0.991742
1658.46461 0.991934
1658.49585 0.991857
1658.52708 0.991775
1658.55832 0.991195
1658.58956 0.989886
1658.6208 0.989073
1658.65204 0.989792
1658.68329 0.990756
1658.71453 0.990857
1658.74577 0.990158
1658.77701 0.989226
1658.80826 0.99024
1658.8395 0.991349
1658.87075 0.991608
1658.90199 0.9912
1658.93324 0.991221
1658.96448 0.991485
1658.99573 0.991308
1659.02698 0.991214
1659.05823 0.99131
1659.08948 0.991927
1659.12073 0.992404
1659.15198 0.992457
1659.18323 0.992055
1659.21448 0.991094
1659.24573 0.990574
1659.27698 0.991179
1659.30824 0.99097
1659.33949 0.986341
1659.37075 0.964576
1659.402 0.934964
1659.43326 0.945156
1659.46451 0.974259
1659.49577 0.988372
1659.52703 0.991419
1659.55828 0.99197
1659.58954 0.992051
1659.6208 0.991945
1659.65206 0.991995
1659.68332 0.992263
1659.71458 0.992324
1659.74584 0.991569
1659.77711 0.989476
1659.80837 0.9875
1659.83963 0.9877
1659.87089 0.988852
1659.90216 0.989365
1659.93342 0.988714
1659.96469 0.988544
1659.99596 0.989283
1660.02722 0.990128
1660.05849 0.9906
1660.08976 0.991349
1660.12103 0.992115
1660.1523 0.992494
1660.18356 0.992607
1660.21483 0.992579
1660.24611 0.992458
1660.27738 0.992434
1660.30865 0.992596
1660.33992 0.992716
1660.37119 0.99274
1660.40247 0.992728
1660.43374 0.9927
1660.46502 0.992637
1660.49629 0.992615
1660.52757 0.992688
1660.55885 0.992741
1660.59012 0.99274
1660.6214 0.992699
1660.65268 0.992676
1660.68396 0.992708
1660.71524 0.99274
1660.74652 0.992755
1660.7778 0.992753
1660.80908 0.992725
1660.84036 0.992629
1660.87165 0.992276
1660.90293 0.991496
1660.93421 0.991113
1660.9655 0.991857
1660.99678 0.992435
1661.02807 0.992548
1661.05935 0.992567
1661.09064 0.992562
1661.12193 0.992469
1661.15322 0.992065
1661.1845 0.991219
1661.21579 0.990429
1661.24708 0.989267
1661.27837 0.98479
1661.30966 0.976848
1661.34096 0.973958
1661.37225 0.98008
1661.40354 0.985976
1661.43483 0.988737
1661.46613 0.990242
1661.49742 0.991511
1661.52872 0.991979
1661.56001 0.991678
1661.59131 0.991258
1661.62261 0.990483
1661.6539 0.989019
1661.6852 0.989478
1661.7165 0.991309
1661.7478 0.992086
1661.7791 0.99207
1661.8104 0.992009
1661.8417 0.991557
1661.873 0.989829
1661.9043 0.98762
1661.93561 0.987731
1661.96691 0.989198
1661.99821 0.989767
1662.02952 0.990376
1662.06082 0.990993
1662.09213 0.990929
1662.12343 0.991211
1662.15474 0.991615
1662.18605 0.991394
1662.21736 0.990502
1662.24866 0.986526
1662.27997 0.965672
1662.31128 0.932694
1662.34259 0.935126
1662.3739 0.962133
1662.40522 0.979683
1662.43653 0.986422
1662.46784 0.989459
1662.49915 0.989928
1662.53047 0.989177
1662.56178 0.98963
1662.5931 0.989422
1662.62441 0.988385
1662.65573 0.989824
1662.68705 0.991677
1662.71836 0.992381
1662.74968 0.992369
1662.781 0.991942
1662.81232 0.991492
1662.84364 0.991297
1662.87496 0.991181
1662.90628 0.990985
1662.9376 0.991354
1662.96892 0.991859
1663.00025 0.99224
1663.03157 0.992175
1663.06289 0.991323
1663.09422 0.990479
1663.12554 0.991208
1663.15687 0.992132
1663.18819 0.992479
1663.21952 0.992478
1663.25085 0.991985
1663.28218 0.990803
1663.31351 0.989871
1663.34483 0.990277
1663.37616 0.991101
1663.40749 0.990309
1663.43883 0.985106
1663.47016 0.977753
1663.50149 0.978673
1663.53282 0.985551
1663.56416 0.990232
1663.59549 0.99191
1663.62682 0.992368
1663.65816 0.992453
1663.68949 0.992474
1663.72083 0.992467
1663.75217 0.992099
1663.7835 0.990629
1663.81484 0.989022
1663.84618 0.989926
1663.87752 0.991263
1663.90886 0.991291
1663.9402 0.990703
1663.97154 0.990475
1664.00288 0.990764
1664.03423 0.991501
1664.06557 0.99228
1664.09691 0.99264
1664.12826 0.992717
1664.1596 0.992692
1664.19095 0.992569
1664.22229 0.992242
1664.25364 0.991677
1664.28498 0.991291
1664.31633 0.991464
1664.34768 0.99205
1664.37903 0.992179
1664.41038 0.991684
1664.44173 0.991305
1664.47308 0.991721
1664.50443 0.992356
1664.53578 0.992614
1664.56713 0.992616
1664.59849 0.992631
1664.62984 0.992689
1664.66119 0.992635
1664.69255 0.992268
1664.7239 0.991695
1664.75526 0.991677
1664.78662 0.992213
1664.81797 0.992472
1664.84933 0.992189
1664.88069 0.991522
1664.91205 0.990573
1664.94341 0.989503
1664.97477 0.989799
1665.00613 0.991248
1665.03749 0.992123
1665.06885 0.992117
1665.10021 0.991199
1665.13157 0.989097
1665.16294 0.987377
1665.1943 0.987797
1665.22567 0.98805
1665.25703 0.982455
1665.2884 0.962526
1665.31976 0.931975
1665.35113 0.907666
1665.3825 0.901748
1665.41387 0.90497
1665.44523 0.847725
1665.4766 0.797588
1665.50797 0.87065
1665.53934 0.898151
1665.57072 0.822794
1665.60209 0.793405
1665.63346 0.881143
1665.66483 0.951842
1665.69621 0.950359
1665.72758 0.876013
1665.75895 0.806505
1665.79033 0.87749
1665.82171 0.955791
1665.85308 0.976178
1665.88446 0.96117
1665.91584 0.879433
1665.94722 0.765027
1665.97859 0.793963
1666.00997 0.912126
1666.04135 0.97247
1666.07273 0.983641
1666.10411 0.980443
1666.1355 0.951057
1666.16688 0.86934
1666.19826 0.811036
1666.22965 0.878352
1666.26103 0.948097
1666.29241 0.970334
1666.3238 0.981155
1666.35519 0.986445
1666.38657 0.98231
1666.41796 0.950986
1666.44935 0.885816
1666.48073 0.863161
1666.51212 0.921151
1666.54351 0.971913
1666.5749 0.987265
1666.60629 0.990096
1666.63769 0.990351
1666.66908 0.989587
1666.70047 0.98577
1666.73186 0.968598
1666.76326 0.927812
1666.79465 0.890247
1666.82604 0.907635
1666.85744 0.95855
1666.88884 0.985277
1666.92023 0.990642
1666.95163 0.991546
1666.98303 0.991574
1667.01443 0.990306
1667.04582 0.983297
1667.07722 0.966131
1667.10862 0.944433
1667.14002 0.932661
1667.17143 0.948985
1667.20283 0.975604
1667.23423 0.987607
1667.26563 0.989249
1667.29704 0.986257
1667.32844 0.97869
1667.35985 0.97178
1667.39125 0.971637
1667.42266 0.976862
1667.45406 0.983659
1667.48547 0.98931
1667.51688 0.991825
1667.54829 0.992423
1667.5797 0.992509
1667.61111 0.992262
1667.64252 0.991622
1667.67393 0.990733
1667.70534 0.98917
1667.73675 0.987785
1667.76816 0.989008
1667.79958 0.990924
1667.83099 0.991099
1667.8624 0.989005
1667.89382 0.985829
1667.92523 0.984856
1667.95665 0.987168
1667.98807 0.988334
1668.01948 0.989064
1668.0509 0.989951
1668.08232 0.989744
1668.11374 0.987477
1668.14516 0.983037
1668.17658 0.979748
1668.208 0.983224
1668.23942 0.985611
1668.27084 0.981936
1668.30227 0.980786
1668.33369 0.985114
1668.36511 0.987276
1668.39654 0.986558
1668.42796 0.986677
1668.45939 0.988287
1668.49081 0.989877
1668.52224 0.990957
1668.55367 0.991532
1668.5851 0.99017
1668.61652 0.9882
1668.64795 0.989062
1668.67938 0.988075
1668.71081 0.983459
1668.74224 0.977377
1668.77367 0.974226
1668.80511 0.979984
1668.83654 0.988114
1668.86797 0.991705
1668.89941 0.992469
1668.93084 0.992638
1668.96228 0.992692
1668.99371 0.992702
1669.02515 0.992665
1669.05658 0.992536
1669.08802 0.992395
1669.11946 0.992204
1669.1509 0.9912
1669.18234 0.989398
1669.21378 0.98877
1669.24522 0.989077
1669.27666 0.988078
1669.3081 0.987558
1669.33954 0.988421
1669.37098 0.988134
1669.40243 0.986646
1669.43387 0.987609
1669.46532 0.990133
1669.49676 0.9908
1669.52821 0.990271
1669.55965 0.990248
1669.5911 0.991178
1669.62255 0.991864
1669.654 0.991738
1669.68544 0.991226
1669.71689 0.990439
1669.74834 0.989721
1669.77979 0.98902
1669.81124 0.989045
1669.8427 0.990108
1669.87415 0.991407
1669.9056 0.992264
1669.93705 0.992606
1669.96851 0.992696
1669.99996 0.992714
1670.03142 0.992681
1670.06287 0.992641
1670.09433 0.992588
1670.12579 0.992469
1670.15724 0.992341
1670.1887 0.991899
1670.22016 0.990986
1670.25162 0.990045
1670.28308 0.989846
1670.31454 0.990843
1670.346 0.991024
1670.37746 0.990389
1670.40893 0.990644
1670.44039 0.99074
1670.47185 0.989479
1670.50332 0.988884
1670.53478 0.98945
1670.56625 0.989444
1670.59771 0.986942
1670.62918 0.982271
1670.66064 0.982196
1670.69211 0.987372
1670.72358 0.990827
1670.75505 0.991509
1670.78652 0.990965
1670.81799 0.990186
1670.84946 0.990481
1670.88093 0.990633
1670.9124 0.991136
1670.94387 0.992008
1670.97535 0.99233
1671.00682 0.992292
1671.03829 0.992215
1671.06977 0.991899
1671.10124 0.991382
1671.13272 0.991163
1671.1642 0.991326
1671.19567 0.991346
1671.22715 0.990522
1671.25863 0.98881
1671.29011 0.981558
1671.32159 0.959247
1671.35307 0.942918
1671.38455 0.963906
1671.41603 0.98476
1671.44751 0.990744
1671.47899 0.99196
1671.51048 0.992263
1671.54196 0.992397
1671.57345 0.992414
1671.60493 0.992322
1671.63642 0.992244
1671.6679 0.99172
1671.69939 0.988597
1671.73088 0.984224
1671.76236 0.985877
1671.79385 0.990149
1671.82534 0.992076
1671.85683 0.992446
1671.88832 0.99259
1671.91981 0.992613
1671.9513 0.992263
1671.98279 0.991705
1672.01429 0.99175
1672.04578 0.992297
1672.07727 0.992587
1672.10877 0.992641
1672.14026 0.992463
1672.17176 0.992076
1672.20325 0.992046
1672.23475 0.992394
1672.26625 0.992423
1672.29774 0.991815
1672.32924 0.991149
1672.36074 0.991234
1672.39224 0.991112
1672.42374 0.990357
1672.45524 0.990851
1672.48674 0.991987
1672.51825 0.992434
1672.54975 0.992386
1672.58125 0.99228
1672.61276 0.992374
1672.64426 0.992621
1672.67576 0.992751
1672.70727 0.992665
1672.73878 0.992156
1672.77028 0.991186
1672.80179 0.990817
1672.8333 0.991701
1672.86481 0.992497
1672.89632 0.992721
1672.92783 0.992733
1672.95934 0.992616
1672.99085 0.992238
1673.02236 0.991588
1673.05387 0.991393
1673.08538 0.992055
1673.1169 0.99211
1673.14841 0.991525
1673.17992 0.991636
1673.21144 0.992146
1673.24296 0.99226
1673.27447 0.991633
1673.30599 0.990949
1673.33751 0.990751
1673.36902 0.990049
1673.40054 0.989943
1673.43206 0.991129
1673.46358 0.992139
1673.4951 0.992161
1673.52662 0.991245
1673.55814 0.99052
1673.58967 0.991258
1673.62119 0.992242
1673.65271 0.992587
1673.68424 0.992646
1673.71576 0.992567
1673.74729 0.992142
1673.77881 0.991648
1673.81034 0.991496
1673.84186 0.990248
1673.87339 0.987694
1673.90492 0.987464
1673.93645 0.989991
1673.96798 0.991852
1673.99951 0.992203
1674.03104 0.991979
1674.06257 0.991976
1674.0941 0.992284
1674.12563 0.992472
1674.15717 0.992523
1674.1887 0.992501
1674.22023 0.992363
1674.25177 0.991976
1674.2833 0.990768
1674.31484 0.98856
1674.34638 0.986164
1674.37791 0.976019
1674.40945 0.925801
1674.44099 0.862497
1674.47253 0.896521
1674.50407 0.959365
1674.53561 0.984794
1674.56715 0.9901
1674.59869 0.991396
1674.63023 0.991967
1674.66177 0.992306
1674.69332 0.992513
1674.72486 0.992628
1674.7564 0.992683
1674.78795 0.99269
1674.81949 0.992655
1674.85104 0.992635
1674.88259 0.992673
1674.91413 0.992619
1674.94568 0.99198
1674.97723 0.989788
1675.00878 0.987211
1675.04033 0.987989
1675.07188 0.990904
1675.10343 0.992417
1675.13498 0.992699
1675.16653 0.992667
1675.19808 0.992529
1675.22964 0.992449
1675.26119 0.992492
1675.29274 0.99241
1675.3243 0.991764
1675.35585 0.990505
1675.38741 0.989877
1675.41897 0.989174
1675.45052 0.984373
1675.48208 0.977177
1675.51364 0.977878
1675.5452 0.985658
1675.57676 0.990744
1675.60832 0.992226
1675.63988 0.99255
1675.67144 0.99252
1675.703 0.99248
1675.73457 0.99264
1675.76613 0.992756
1675.79769 0.992772
1675.82926 0.992763
1675.86082 0.992573
1675.89239 0.991695
1675.92395 0.990748
1675.95552 0.991461
1675.98709 0.992385
1676.01866 0.992629
1676.05022 0.992329
1676.08179 0.990605
1676.11336 0.988144
1676.14493 0.988924
1676.1765 0.991363
1676.20808 0.992486
1676.23965 0.992638
1676.27122 0.992677
1676.30279 0.992776
1676.33437 0.992841
1676.36594 0.992866
1676.39752 0.992882
1676.42909 0.99289
1676.46067 0.992877
1676.49225 0.992808
1676.52382 0.992707
1676.5554 0.992717
1676.58698 0.992799
1676.61856 0.992846
1676.65014 0.992846
1676.68172 0.992816
1676.7133 0.992753
1676.74488 0.992613
1676.77646 0.992149
1676.80805 0.989996
1676.83963 0.983018
1676.87121 0.977109
1676.9028 0.98379
1676.93438 0.990331
1676.96597 0.992081
1676.99756 0.992393
1677.02914 0.991982
1677.06073 0.991295
1677.09232 0.99155
1677.12391 0.99197
1677.1555 0.991451
1677.18709 0.990675
1677.21868 0.990359
1677.25027 0.988846
1677.28186 0.987192
1677.31345 0.988005
1677.34504 0.988162
1677.37664 0.987963
1677.40823 0.989843
1677.43983 0.990965
1677.47142 0.990212
1677.50302 0.986603
1677.53461 0.969467
1677.56621 0.903422
1677.59781 0.829862
1677.62941 0.879439
1677.66101 0.954863
1677.69261 0.982841
1677.72421 0.987355
1677.75581 0.985111
1677.78741 0.983059
1677.81901 0.986357
1677.85061 0.99046
1677.88221 0.992099
1677.91382 0.992476
1677.94542 0.992524
1677.97703 0.992387
1678.00863 0.992259
1678.04024 0.99243
1678.07184 0.992682
1678.10345 0.9928
1678.13506 0.992826
1678.16667 0.992813
1678.19828 0.992767
1678.22989 0.992696
1678.2615 0.992627
1678.29311 0.992525
1678.32472 0.992153
1678.35633 0.990394
1678.38794 0.984123
1678.41956 0.975167
1678.45117 0.975518
1678.48278 0.98485
1678.5144 0.990773
1678.54601 0.99213
1678.57763 0.992085
1678.60925 0.991629
1678.64086 0.991152
1678.67248 0.991034
1678.7041 0.991734
1678.73572 0.992501
1678.76734 0.992802
1678.79896 0.992865
1678.83058 0.992888
1678.8622 0.992896
1678.89382 0.992887
1678.92545 0.992872
1678.95707 0.992869
1678.98869 0.992889
1679.02032 0.992906
1679.05194 0.992904
1679.08357 0.992887
1679.1152 0.992858
1679.14682 0.992848
1679.17845 0.992868
1679.21008 0.992882
1679.24171 0.992851
1679.27334 0.992696
1679.30497 0.992127
1679.3366 0.991228
1679.36823 0.991193
1679.39986 0.992006
1679.43149 0.992077
1679.46312 0.991261
1679.49476 0.991072
1679.52639 0.991943
1679.55803 0.992605
1679.58966 0.99279
1679.6213 0.992826
1679.65293 0.992845
1679.68457 0.992859
1679.71621 0.992859
1679.74785 0.992843
1679.77948 0.992809
1679.81112 0.992741
1679.84276 0.992589
1679.8744 0.992113
1679.90604 0.990314
1679.93769 0.986303
1679.96933 0.983803
1680.00097 0.986987
1680.03262 0.990801
1680.06426 0.992276
1680.0959 0.992633
1680.12755 0.992742
1680.1592 0.992801
1680.19084 0.992842
1680.22249 0.992864
1680.25414 0.992867
1680.28578 0.992861
1680.31743 0.992863
1680.34908 0.992852
1680.38073 0.992824
1680.41238 0.992752
1680.44404 0.992623
1680.47569 0.992569
1680.50734 0.992617
1680.53899 0.992607
1680.57065 0.992484
1680.6023 0.992242
1680.63396 0.991819
1680.66561 0.990945
1680.69727 0.987811
1680.72892 0.971565
1680.76058 0.91951
1680.79224 0.868019
1680.8239 0.902095
1680.85556 0.961059
1680.88722 0.98557
1680.91888 0.990428
1680.95054 0.991082
1680.9822 0.990892
1681.01386 0.991006
1681.04552 0.9901
1681.07719 0.988866
1681.10885 0.989541
1681.14051 0.991209
1681.17218 0.992334
1681.20384 0.992732
1681.23551 0.992822
1681.26718 0.992843
1681.29884 0.992832
1681.33051 0.99277
1681.36218 0.992529
1681.39385 0.991962
1681.42552 0.990941
1681.45719 0.989206
1681.48886 0.987715
1681.52053 0.987324
1681.5522 0.986495
1681.58388 0.985578
1681.61555 0.987777
1681.64722 0.991013
1681.6789 0.992412
1681.71057 0.992488
1681.74225 0.991899
1681.77393 0.991179
1681.8056 0.991123
1681.83728 0.991244
1681.86896 0.991103
1681.90064 0.991308
1681.93232 0.992099
1681.964 0.992643
1681.99568 0.992779
1682.02736 0.992837
1682.05904 0.992856
1682.09072 0.99274
1682.1224 0.992286
1682.15409 0.991791
1682.18577 0.992056
1682.21746 0.992468
1682.24914 0.992434
1682.28083 0.99239
1682.31251 0.992669
1682.3442 0.992857
1682.37589 0.992875
1682.40758 0.99279
1682.43927 0.992462
1682.47096 0.99177
1682.50265 0.991124
1682.53434 0.991253
1682.56603 0.992
1682.59772 0.992627
1682.62941 0.992856
1682.6611 0.992897
1682.6928 0.99287
1682.72449 0.992708
1682.75619 0.992439
1682.78788 0.992421
1682.81958 0.992696
1682.85128 0.992829
1682.88297 0.992811
1682.91467 0.992829
1682.94637 0.992822
1682.97807 0.992562
1683.00977 0.99167
1683.04147 0.990529
1683.07317 0.990676
1683.10487 0.991903
1683.13657 0.992653
1683.16827 0.992818
1683.19998 0.992799
1683.23168 0.992533
1683.26339 0.991259
1683.29509 0.988932
1683.3268 0.988427
1683.3585 0.990534
1683.39021 0.992226
1683.42192 0.992729
1683.45362 0.99278
1683.48533 0.992571
1683.51704 0.992153
1683.54875 0.992051
1683.58046 0.992401
1683.61217 0.992453
1683.64388 0.991891
1683.6756 0.991379
1683.70731 0.99173
1683.73902 0.99217
1683.77074 0.99203
1683.80245 0.991213
1683.83417 0.989998
1683.86588 0.989144
1683.8976 0.987963
1683.92931 0.981693
1683.96103 0.949257
1683.99275 0.866664
1684.02447 0.795996
1684.05619 0.836482
1684.08791 0.925085
1684.11963 0.973334
1684.15135 0.986079
1684.18307 0.986532
1684.21479 0.982245
1684.24652 0.980507
1684.27824 0.985548
1684.30996 0.990116
1684.34169 0.991832
1684.37341 0.99238
1684.40514 0.992505
1684.43687 0.992313
1684.46859 0.991982
1684.50032 0.992088
1684.53205 0.992554
1684.56378 0.992823
1684.59551 0.992888
1684.62724 0.992903
1684.65897 0.99289
1684.6907 0.99285
1684.72243 0.992833
1684.75416 0.992866
1684.7859 0.992862
1684.81763 0.992696
1684.84936 0.991873
1684.8811 0.990233
1684.91283 0.989384
1684.94457 0.990173
1684.97631 0.991211
1685.00804 0.991379
1685.03978 0.991344
1685.07152 0.991641
1685.10326 0.992141
1685.135 0.992156
1685.16674 0.991297
1685.19848 0.990687
1685.23022 0.990923
1685.26196 0.99029
1685.29371 0.989873
1685.32545 0.990513
1685.35719 0.990861
1685.38894 0.989649
1685.42068 0.988544
1685.45243 0.990106
1685.48417 0.992005
1685.51592 0.992704
1685.54767 0.992811
1685.57942 0.992753
1685.61117 0.992616
1685.64291 0.992301
1685.67466 0.991824
1685.70641 0.991512
1685.73817 0.991239
1685.76992 0.991087
1685.80167 0.991644
1685.83342 0.992248
1685.86518 0.991857
1685.89693 0.990228
1685.92868 0.989379
1685.96044 0.991058
1685.99219 0.992458
1686.02395 0.992803
1686.05571 0.992844
1686.08747 0.992817
1686.11922 0.992732
1686.15098 0.992427
1686.18274 0.99212
1686.2145 0.992295
1686.24626 0.992616
1686.27802 0.992548
1686.30979 0.991462
1686.34155 0.990016
1686.37331 0.990703
1686.40507 0.991817
1686.43684 0.991777
1686.4686 0.991677
1686.50037 0.992222
1686.53213 0.992448
1686.5639 0.991819
1686.59567 0.990979
1686.62744 0.990918
1686.6592 0.990854
1686.69097 0.991152
1686.72274 0.991865
1686.75451 0.992524
1686.78628 0.992772
1686.81805 0.992652
1686.84983 0.992317
1686.8816 0.992197
1686.91337 0.992424
1686.94515 0.99245
1686.97692 0.991984
1687.00869 0.989873
1687.04047 0.982243
1687.07225 0.973877
1687.10402 0.978771
1687.1358 0.986309
1687.16758 0.989516
1687.19936 0.988834
1687.23114 0.978884
1687.26292 0.942628
1687.2947 0.891273
1687.32648 0.883785
1687.35826 0.921852
1687.39004 0.96652
1687.42182 0.986612
1687.45361 0.990207
1687.48539 0.98994
1687.51717 0.989736
1687.54896 0.991023
1687.58075 0.992219
1687.61253 0.992613
1687.64432 0.992629
1687.67611 0.992291
1687.70789 0.991179
1687.73968 0.98945
1687.77147 0.988925
1687.80326 0.990397
1687.83505 0.991076
1687.86684 0.990566
1687.89864 0.990997
1687.93043 0.991222
1687.96222 0.990322
1687.99401 0.990514
1688.02581 0.991801
1688.0576 0.992337
1688.0894 0.99157
1688.12119 0.990373
1688.15299 0.990432
1688.18479 0.991291
1688.21658 0.992033
1688.24838 0.99228
1688.28018 0.992181
1688.31198 0.992001
1688.34378 0.992003
1688.37558 0.992325
1688.40738 0.992719
1688.43918 0.992894
1688.47099 0.992935
1688.50279 0.992952
1688.53459 0.992951
1688.5664 0.992917
1688.5982 0.992841
1688.63001 0.992805
1688.66181 0.992867
1688.69362 0.992906
1688.72543 0.992883
1688.75724 0.992767
1688.78904 0.992229
1688.82085 0.990718
1688.85266 0.988268
1688.88447 0.98654
1688.91628 0.986991
1688.9481 0.987041
1688.97991 0.987178
1689.01172 0.989188
1689.04353 0.991385
1689.07535 0.991978
1689.10716 0.991285
1689.13898 0.990605
1689.17079 0.99065
1689.20261 0.990968
1689.23443 0.991446
1689.26624 0.990849
1689.29806 0.989839
1689.32988 0.991017
1689.3617 0.991941
1689.39352 0.99089
1689.42534 0.98616
1689.45716 0.980213
1689.48898 0.982169
1689.5208 0.98827
1689.55263 0.991429
1689.58445 0.991657
1689.61627 0.990767
1689.6481 0.990697
1689.67992 0.991812
1689.71175 0.992284
1689.74358 0.991929
1689.7754 0.991496
1689.80723 0.990012
1689.83906 0.987105
1689.87089 0.986428
1689.90272 0.989144
1689.93455 0.991549
1689.96638 0.992543
1689.99821 0.992842
1690.03004 0.992911
1690.06187 0.992929
1690.09371 0.992931
1690.12554 0.992924
1690.15737 0.992907
1690.18921 0.99288
1690.22104 0.99284
1690.25288 0.992782
1690.28472 0.992693
1690.31655 0.992558
1690.34839 0.992345
1690.38023 0.99197
1690.41207 0.991091
1690.44391 0.988152
1690.47575 0.979084
1690.50759 0.960687
1690.53943 0.931203
1690.57127 0.899098
1690.60312 0.896077
1690.63496 0.910494
1690.6668 0.917552
1690.69865 0.937749
1690.73049 0.968581
1690.76234 0.985505
1690.79418 0.989457
1690.82603 0.990145
1690.85788 0.990579
1690.88973 0.98909
1690.92157 0.979788
1690.95342 0.95829
1690.98527 0.94842
1691.01712 0.969857
1691.04898 0.987086
1691.08083 0.991266
1691.11268 0.992112
1691.14453 0.992377
1691.17639 0.992385
1691.20824 0.991856
1691.24009 0.990583
1691.27195 0.98977
1691.3038 0.989789
1691.33566 0.988578
1691.36752 0.986992
1691.39938 0.986823
1691.43123 0.987267
1691.46309 0.985516
1691.49495 0.97486
1691.52681 0.955396
1691.55867 0.950655
1691.59053 0.9697
1691.6224 0.984875
1691.65426 0.98923
1691.68612 0.990307
1691.71798 0.991321
1691.74985 0.992134
1691.78171 0.992471
1691.81358 0.992553
1691.84545 0.992442
1691.87731 0.991812
1691.90918 0.990166
1691.94105 0.987864
1691.97292 0.984246
1692.00478 0.980386
1692.03665 0.983873
1692.06852 0.989615
1692.10039 0.991838
1692.13227 0.991877
1692.16414 0.991669
1692.19601 0.991661
1692.22788 0.991081
1692.25976 0.988657
1692.29163 0.983781
1692.32351 0.978144
1692.35538 0.975734
1692.38726 0.975875
1692.41914 0.975849
1692.45101 0.98184
1692.48289 0.988207
1692.51477 0.990607
1692.54665 0.991727
1692.57853 0.991722
1692.61041 0.989596
1692.64229 0.987296
1692.67417 0.988944
1692.70605 0.991607
1692.73794 0.992629
1692.76982 0.992646
1692.8017 0.992291
1692.83359 0.992149
1692.86547 0.992517
1692.89736 0.992848
1692.92925 0.992952
1692.96113 0.992974
1692.99302 0.992978
1693.02491 0.992975
1693.0568 0.992966
1693.08869 0.992945
1693.12058 0.992893
1693.15247 0.992671
1693.18436 0.991555
1693.21625 0.988828
1693.24814 0.987451
1693.28004 0.990241
1693.31193 0.992401
1693.34382 0.99285
1693.37572 0.992926
1693.40761 0.992947
1693.43951 0.992946
1693.47141 0.992912
1693.5033 0.992716
1693.5352 0.991808
1693.5671 0.990312
1693.599 0.990279
1693.6309 0.991708
1693.6628 0.992536
1693.6947 0.99249
1693.7266 0.992317
1693.7585 0.992468
1693.79041 0.992382
1693.82231 0.991434
1693.85421 0.989528
1693.88612 0.985325
1693.91802 0.966903
1693.94993 0.93939
1693.98183 0.94007
1694.01374 0.953758
1694.04565 0.9612
1694.07756 0.965853
1694.10947 0.972101
1694.14137 0.973864
1694.17328 0.974674
1694.2052 0.983209
1694.23711 0.989657
1694.26902 0.991272
1694.30093 0.991767
1694.33284 0.992175
1694.36476 0.992078
1694.39667 0.990827
1694.42859 0.988474
1694.4605 0.987689
1694.49242 0.989127
1694.52433 0.98889
1694.55625 0.987621
1694.58817 0.988209
1694.62009 0.988025
1694.652 0.986546
1694.68392 0.988739
1694.71584 0.990484
1694.74776 0.988145
1694.77969 0.982837
1694.81161 0.979707
1694.84353 0.982612
1694.87545 0.98676
1694.90738 0.987876
1694.9393 0.988419
1694.97123 0.990248
1695.00315 0.991399
1695.03508 0.990413
1695.067 0.987987
1695.09893 0.98686
1695.13086 0.989097
1695.16279 0.991661
1695.19472 0.992669
1695.22665 0.992884
1695.25858 0.992931
1695.29051 0.992938
1695.32244 0.99291
1695.35437 0.992778
1695.3863 0.992262
1695.41824 0.991212
1695.45017 0.990597
1695.48211 0.991188
1695.51404 0.991957
1695.54598 0.992571
1695.57791 0.992891
1695.60985 0.992973
1695.64179 0.99299
1695.67373 0.992988
1695.70566 0.992969
1695.7376 0.992882
1695.76954 0.992514
1695.80148 0.991999
1695.83342 0.992131
1695.86537 0.992644
1695.89731 0.992873
1695.92925 0.99275
1695.9612 0.992299
1695.99314 0.991867
1696.02508 0.992086
1696.05703 0.99262
1696.08898 0.992894
1696.12092 0.992951
1696.15287 0.992962
1696.18482 0.992961
1696.21677 0.992952
1696.24871 0.992935
1696.28066 0.992909
1696.31261 0.992872
1696.34456 0.992828
1696.37652 0.992742
1696.40847 0.992455
1696.44042 0.991532
1696.47237 0.989578
1696.50433 0.987743
1696.53628 0.988301
1696.56824 0.990255
1696.60019 0.990632
1696.63215 0.988151
1696.66411 0.981349
1696.69606 0.967296
1696.72802 0.94797
1696.75998 0.938816
1696.79194 0.941593
1696.8239 0.951227
1696.85586 0.969533
1696.88782 0.983499
1696.91978 0.9889
1696.95174 0.990492
1696.98371 0.990673
1697.01567 0.99055
1697.04763 0.990014
1697.0796 0.985825
1697.11156 0.967069
1697.14353 0.942003
1697.1755 0.94797
1697.20746 0.955585
1697.23943 0.924693
1697.2714 0.888326
1697.30337 0.902456
1697.33534 0.931473
1697.36731 0.942439
1697.39928 0.957746
1697.43125 0.972391
1697.46322 0.972539
1697.49519 0.972473
1697.52717 0.982487
1697.55914 0.989981
1697.59111 0.992022
1697.62309 0.99246
1697.65506 0.992451
1697.68704 0.992142
1697.71902 0.992058
1697.75099 0.992501
1697.78297 0.992819
1697.81495 0.992843
1697.84693 0.992559
1697.87891 0.991731
1697.91089 0.991016
1697.94287 0.991479
1697.97485 0.99215
1698.00683 0.991712
1698.03882 0.988085
1698.0708 0.983557
1698.10278 0.986115
1698.13477 0.990551
1698.16675 0.99184
1698.19874 0.990816
1698.23072 0.988972
1698.26271 0.988146
1698.2947 0.988325
1698.32669 0.98908
1698.35867 0.990487
1698.39066 0.991875
1698.42265 0.992605
1698.45464 0.992723
1698.48664 0.992171
1698.51863 0.99112
1698.55062 0.99063
1698.58261 0.99031
1698.61461 0.989952
1698.6466 0.990629
1698.67859 0.991868
1698.71059 0.992303
1698.74259 0.992116
1698.77458 0.99201
1698.80658 0.99134
1698.83858 0.989639
1698.87058 0.988955
1698.90257 0.989592
1698.93457 0.989937
1698.96657 0.990647
1698.99857 0.991709
1699.03058 0.992101
1699.06258 0.991782
1699.09458 0.991878
1699.12658 0.99239
1699.15859 0.992284
1699.19059 0.99128
1699.2226 0.990484
1699.2546 0.991071
1699.28661 0.992079
1699.31862 0.992457
1699.35062 0.992143
1699.38263 0.991552
1699.41464 0.991384
1699.44665 0.991215
1699.47866 0.989941
1699.51067 0.986956
1699.54268 0.980617
1699.57469 0.963262
1699.6067 0.947235
1699.63872 0.960159
1699.67073 0.977989
1699.70274 0.985447
1699.73476 0.987662
1699.76677 0.987582
1699.79879 0.985866
1699.83081 0.984793
1699.86282 0.985744
1699.89484 0.98258
1699.92686 0.978877
1699.95888 0.94991
1699.9909 0.715826
