# Obtained using Skycalc tool from ESO webpage
# Water vapour content 2.5 mm
Wave[nm] Transmission[no-units]
1400 0.0479535
1400.28003 0.0673862
1400.56011 0.00632418
1400.84025 0.0270468
1401.12045 0.10242
1401.4007 0.00674701
1401.68101 0.0437151
1401.96137 0.387676
1402.24179 0.514665
1402.52227 0.715783
1402.8028 0.411289
1403.08339 0.210991
1403.36404 0.473159
1403.64474 0.441766
1403.92549 0.304684
1404.20631 0.126222
1404.48718 0.0656376
1404.7681 0.0982104
1405.04908 0.00485464
1405.33012 0.0371294
1405.61121 0.515964
1405.89237 0.508103
1406.17357 0.4867
1406.45483 0.610677
1406.73615 0.0763057
1407.01753 0.0132005
1407.29896 0.0202464
1407.58045 0.129877
1407.86199 0.60019
1408.14359 0.61179
1408.42525 0.295415
1408.70696 0.570754
1408.98873 0.0924082
1409.27056 0.0547038
1409.55244 0.00545241
1409.83438 0.171041
1410.11638 0.373366
1410.39843 0.399818
1410.68053 0.370634
1410.9627 0.477467
1411.24492 0.301386
1411.5272 0.338991
1411.80953 0.6683
1412.09192 0.390223
1412.37437 0.130609
1412.65687 0.543935
1412.93943 0.84283
1413.22205 0.757333
1413.50472 0.303561
1413.78745 0.398241
1414.07023 0.177786
1414.35308 0.192426
1414.63598 0.0565886
1414.91893 0.160451
1415.20194 0.309906
1415.48501 0.254352
1415.76814 0.505181
1416.05132 0.684946
1416.33456 0.843222
1416.61785 0.533317
1416.9012 0.512181
1417.18461 0.610979
1417.46808 0.450456
1417.7516 0.366597
1418.03518 0.409506
1418.31881 0.766759
1418.60251 0.481389
1418.88626 0.137905
1419.17006 0.0990474
1419.45392 0.146667
1419.73784 0.29606
1420.02182 0.257907
1420.30585 0.707504
1420.58994 0.216543
1420.87409 0.529446
1421.15829 0.479999
1421.44255 0.580055
1421.72687 0.599754
1422.01124 0.758738
1422.29567 0.713662
1422.58016 0.58542
1422.8647 0.463188
1423.14931 0.337969
1423.43396 0.249205
1423.71868 0.483551
1424.00345 0.058907
1424.28828 0.744429
1424.57317 0.807696
1424.85811 0.623612
1425.14311 0.725604
1425.42817 0.477635
1425.71328 0.261486
1425.99845 0.379699
1426.28368 0.787807
1426.56897 0.830875
1426.85431 0.678869
1427.13971 0.579307
1427.42516 0.463721
1427.71068 0.311508
1427.99625 0.622653
1428.28188 0.261944
1428.56756 0.351325
1428.8533 0.425892
1429.1391 0.601246
1429.42496 0.838773
1429.71087 0.647284
1429.99684 0.396299
1430.28287 0.918447
1430.56896 0.935547
1430.8551 0.705935
1431.1413 0.256845
1431.42756 0.466929
1431.71387 0.213276
1432.00024 0.360366
1432.28667 0.312254
1432.57316 0.101035
1432.8597 0.536676
1433.1463 0.694505
1433.43296 0.824748
1433.71967 0.501674
1434.00645 0.57526
1434.29328 0.300131
1434.58016 0.38493
1434.86711 0.710803
1435.15411 0.541956
1435.44117 0.732095
1435.72829 0.816988
1436.01546 0.37426
1436.30269 0.52981
1436.58998 0.701137
1436.87733 0.707111
1437.16473 0.354332
1437.45219 0.369626
1437.73971 0.119596
1438.02729 0.327005
1438.31492 0.787115
1438.60262 0.599499
1438.89036 0.849419
1439.17817 0.667336
1439.46604 0.22735
1439.75396 0.480222
1440.04194 0.69595
1440.32997 0.737716
1440.61807 0.610231
1440.90622 0.63874
1441.19443 0.706211
1441.4827 0.156737
1441.77103 0.690838
1442.05941 0.803656
1442.34785 0.567071
1442.63635 0.755985
1442.9249 0.117532
1443.21352 0.713884
1443.50219 0.881256
1443.79092 0.828369
1444.07971 0.668337
1444.36855 0.490573
1444.65745 0.814234
1444.94641 0.820758
1445.23543 0.506975
1445.52451 0.154844
1445.81364 0.0626307
1446.10283 0.503199
1446.39208 0.77232
1446.68139 0.867051
1446.97075 0.477127
1447.26018 0.505677
1447.54966 0.799414
1447.8392 0.94321
1448.12879 0.682171
1448.41845 0.879752
1448.70816 0.712182
1448.99793 0.846567
1449.28776 0.898951
1449.57765 0.804354
1449.86759 0.587278
1450.15759 0.394838
1450.44766 0.356126
1450.73777 0.163393
1451.02795 0.272573
1451.31819 0.532394
1451.60848 0.902974
1451.89883 0.709017
1452.18924 0.409484
1452.4797 0.864952
1452.77023 0.858806
1453.06081 0.512525
1453.35145 0.876602
1453.64215 0.912595
1453.93291 0.919524
1454.22373 0.901107
1454.5146 0.737905
1454.80553 0.871177
1455.09652 0.768372
1455.38757 0.311723
1455.67868 0.843304
1455.96984 0.876898
1456.26107 0.794368
1456.55235 0.891379
1456.84369 0.786737
1457.13508 0.901759
1457.42654 0.804015
1457.71805 0.547835
1458.00963 0.926791
1458.30126 0.955743
1458.59295 0.839691
1458.8847 0.937241
1459.1765 0.895841
1459.46837 0.916051
1459.76029 0.860256
1460.05227 0.846325
1460.34431 0.353577
1460.63641 0.832455
1460.92856 0.918732
1461.22078 0.560379
1461.51305 0.810245
1461.80538 0.781151
1462.09777 0.898672
1462.39022 0.936871
1462.68273 0.852388
1462.9753 0.608791
1463.26792 0.330246
1463.5606 0.797004
1463.85335 0.833271
1464.14615 0.941437
1464.439 0.964386
1464.73192 0.952778
1465.0249 0.713253
1465.31793 0.249306
1465.61102 0.916616
1465.90418 0.701447
1466.19739 0.726455
1466.49065 0.552516
1466.78398 0.641946
1467.07737 0.401042
1467.37081 0.849044
1467.66432 0.720137
1467.95788 0.668153
1468.2515 0.887398
1468.54518 0.840991
1468.83892 0.944179
1469.13271 0.709213
1469.42657 0.699615
1469.72049 0.32629
1470.01446 0.884442
1470.30849 0.771818
1470.60258 0.307767
1470.89673 0.412412
1471.19094 0.381491
1471.48521 0.84844
1471.77953 0.70872
1472.07392 0.847984
1472.36836 0.255689
1472.66287 0.5617
1472.95743 0.913426
1473.25205 0.628405
1473.54673 0.829501
1473.84147 0.492236
1474.13627 0.896499
1474.43112 0.968165
1474.72604 0.879641
1475.02101 0.972683
1475.31605 0.940748
1475.61114 0.775426
1475.90629 0.356205
1476.2015 0.865887
1476.49677 0.918
1476.7921 0.668698
1477.08749 0.498642
1477.38294 0.922182
1477.67844 0.714051
1477.97401 0.45539
1478.26963 0.719145
1478.56532 0.952689
1478.86106 0.809432
1479.15686 0.906859
1479.45272 0.481692
1479.74864 0.881175
1480.04462 0.758924
1480.34066 0.433018
1480.63676 0.554873
1480.93291 0.922242
1481.22913 0.952948
1481.52541 0.837891
1481.82174 0.50559
1482.11813 0.586434
1482.41459 0.929782
1482.7111 0.913578
1483.00767 0.825053
1483.3043 0.898008
1483.60099 0.928034
1483.89774 0.943998
1484.19455 0.845049
1484.49142 0.516959
1484.78835 0.858332
1485.08534 0.926335
1485.38238 0.795617
1485.67949 0.788464
1485.97666 0.838253
1486.27388 0.898182
1486.57117 0.575337
1486.86851 0.768746
1487.16591 0.708575
1487.46338 0.807358
1487.7609 0.928755
1488.05848 0.684354
1488.35612 0.778809
1488.65382 0.96343
1488.95158 0.885983
1489.2494 0.966918
1489.54728 0.71518
1489.84522 0.798938
1490.14322 0.965635
1490.44128 0.983626
1490.7394 0.968115
1491.03757 0.963863
1491.33581 0.69787
1491.63411 0.828216
1491.93247 0.889977
1492.23088 0.908161
1492.52936 0.905511
1492.82789 0.853272
1493.12649 0.944604
1493.42514 0.942363
1493.72386 0.982478
1494.02263 0.850349
1494.32147 0.923747
1494.62036 0.980947
1494.91932 0.844571
1495.21833 0.860287
1495.5174 0.951083
1495.81654 0.806507
1496.11573 0.980081
1496.41498 0.769978
1496.7143 0.91612
1497.01367 0.983035
1497.3131 0.981765
1497.61259 0.911759
1497.91215 0.929295
1498.21176 0.844444
1498.51143 0.940294
1498.81116 0.976907
1499.11096 0.915763
1499.41081 0.965282
1499.71072 0.897708
1500.01069 0.983971
1500.31072 0.9901
1500.61082 0.95034
1500.91097 0.977879
1501.21118 0.969096
1501.51145 0.98401
1501.81179 0.874011
1502.11218 0.986788
1502.41263 0.984745
1502.71314 0.882174
1503.01372 0.970581
1503.31435 0.92929
1503.61504 0.921087
1503.9158 0.759081
1504.21661 0.963587
1504.51748 0.912688
1504.81842 0.819994
1505.11941 0.957316
1505.42046 0.985415
1505.72158 0.953306
1506.02275 0.988327
1506.32399 0.985543
1506.62528 0.989986
1506.92664 0.989055
1507.22805 0.926948
1507.52953 0.988303
1507.83106 0.98219
1508.13266 0.953668
1508.43432 0.88941
1508.73603 0.849859
1509.03781 0.89689
1509.33965 0.986836
1509.64155 0.989355
1509.94351 0.990422
1510.24552 0.955559
1510.5476 0.981836
1510.84974 0.970012
1511.15194 0.969532
1511.4542 0.985075
1511.75653 0.984549
1512.05891 0.991081
1512.36135 0.945218
1512.66385 0.986982
1512.96641 0.948195
1513.26904 0.97117
1513.57172 0.968473
1513.87447 0.927883
1514.17727 0.950508
1514.48014 0.989755
1514.78306 0.959416
1515.08605 0.990468
1515.3891 0.988784
1515.69221 0.983987
1515.99538 0.990216
1516.2986 0.934871
1516.60189 0.986988
1516.90525 0.945862
1517.20866 0.975883
1517.51213 0.940426
1517.81566 0.98469
1518.11926 0.990485
1518.42291 0.965068
1518.72662 0.982052
1519.0304 0.942813
1519.33424 0.961179
1519.63813 0.981995
1519.94209 0.982846
1520.24611 0.98578
1520.55019 0.968896
1520.85433 0.990774
1521.15853 0.991458
1521.46279 0.9895
1521.76712 0.965222
1522.0715 0.989904
1522.37595 0.989757
1522.68045 0.990979
1522.98502 0.990922
1523.28965 0.986146
1523.59433 0.983342
1523.89908 0.99114
1524.20389 0.991033
1524.50876 0.964017
1524.8137 0.988593
1525.11869 0.981127
1525.42374 0.984159
1525.72886 0.974803
1526.03404 0.987278
1526.33927 0.981778
1526.64457 0.971279
1526.94993 0.987082
1527.25535 0.972838
1527.56083 0.98711
1527.86638 0.987877
1528.17198 0.989733
1528.47764 0.990421
1528.78337 0.974405
1529.08916 0.990053
1529.39501 0.989799
1529.70092 0.978506
1530.00689 0.989239
1530.31292 0.978029
1530.61901 0.988479
1530.92517 0.987608
1531.23138 0.970583
1531.53766 0.984421
1531.844 0.987228
1532.1504 0.987959
1532.45686 0.986214
1532.76338 0.98528
1533.06996 0.984406
1533.37661 0.984418
1533.68331 0.983029
1533.99008 0.978215
1534.29691 0.982159
1534.6038 0.986981
1534.91075 0.979238
1535.21776 0.974682
1535.52484 0.981622
1535.83197 0.978667
1536.13917 0.98047
1536.44643 0.983838
1536.75375 0.984281
1537.06113 0.980777
1537.36857 0.990408
1537.67608 0.987841
1537.98364 0.989292
1538.29127 0.990831
1538.59896 0.986835
1538.90671 0.98556
1539.21452 0.97788
1539.5224 0.982529
1539.83033 0.990408
1540.13833 0.982964
1540.44639 0.982152
1540.75451 0.981989
1541.06269 0.988272
1541.37093 0.984238
1541.67924 0.981549
1541.9876 0.982128
1542.29603 0.986608
1542.60452 0.985784
1542.91307 0.983336
1543.22169 0.986346
1543.53036 0.991313
1543.8391 0.988018
1544.1479 0.982119
1544.45676 0.985985
1544.76568 0.990373
1545.07467 0.990088
1545.38371 0.990061
1545.69282 0.989734
1546.00199 0.989755
1546.31122 0.98907
1546.62051 0.990077
1546.92987 0.991014
1547.23929 0.990546
1547.54876 0.990695
1547.8583 0.990272
1548.16791 0.991551
1548.47757 0.991608
1548.7873 0.991154
1549.09709 0.991479
1549.40694 0.991495
1549.71685 0.99051
1550.02682 0.991471
1550.33686 0.991812
1550.64696 0.990931
1550.95712 0.990138
1551.26734 0.991192
1551.57763 0.990907
1551.88797 0.990098
1552.19838 0.98828
1552.50885 0.991338
1552.81938 0.9917
1553.12998 0.991319
1553.44064 0.991866
1553.75136 0.991697
1554.06214 0.991014
1554.37298 0.990274
1554.68389 0.990847
1554.99485 0.991746
1555.30588 0.991745
1555.61698 0.991957
1555.92813 0.991907
1556.23935 0.991547
1556.55063 0.991921
1556.86197 0.991669
1557.17337 0.991753
1557.48484 0.991731
1557.79637 0.991955
1558.10796 0.99142
1558.41961 0.991883
1558.73132 0.99097
1559.0431 0.991829
1559.35494 0.991565
1559.66684 0.991495
1559.97881 0.991413
1560.29084 0.991805
1560.60292 0.991894
1560.91508 0.990999
1561.22729 0.991686
1561.53957 0.991982
1561.85191 0.991987
1562.16431 0.989845
1562.47677 0.99025
1562.7893 0.991437
1563.10189 0.990705
1563.41454 0.991996
1563.72725 0.991113
1564.04003 0.99169
1564.35287 0.989672
1564.66577 0.991976
1564.97874 0.992007
1565.29176 0.991422
1565.60485 0.991955
1565.918 0.990382
1566.23122 0.991179
1566.5445 0.991282
1566.85784 0.990557
1567.17124 0.989971
1567.48471 0.989081
1567.79823 0.986562
1568.11183 0.987596
1568.42548 0.981807
1568.7392 0.981822
1569.05297 0.97753
1569.36682 0.960911
1569.68072 0.965903
1569.99469 0.961029
1570.30872 0.955154
1570.62281 0.947753
1570.93697 0.938099
1571.25119 0.914704
1571.56547 0.913436
1571.87981 0.92143
1572.19422 0.923162
1572.50869 0.932339
1572.82322 0.952379
1573.13782 0.932128
1573.45248 0.928315
1573.7672 0.931051
1574.08199 0.938435
1574.39683 0.948837
1574.71175 0.961703
1575.02672 0.980072
1575.34176 0.987456
1575.65686 0.970949
1575.97202 0.963446
1576.28724 0.978223
1576.60253 0.944566
1576.91789 0.934483
1577.2333 0.934031
1577.54878 0.981554
1577.86432 0.9267
1578.17992 0.925583
1578.49559 0.975444
1578.81132 0.937168
1579.12712 0.928712
1579.44297 0.938531
1579.75889 0.98269
1580.07488 0.937823
1580.39092 0.946423
1580.70703 0.986274
1581.02321 0.949961
1581.33944 0.959642
1581.65574 0.984849
1581.97211 0.961959
1582.28853 0.989035
1582.60502 0.968535
1582.92157 0.971161
1583.23819 0.989603
1583.55487 0.976579
1583.87161 0.987672
1584.18842 0.98384
1584.50529 0.983488
1584.82222 0.991165
1585.13922 0.985806
1585.45628 0.991811
1585.7734 0.987886
1586.09058 0.988994
1586.40783 0.989901
1586.72515 0.989831
1587.04252 0.989916
1587.35996 0.989886
1587.67747 0.991987
1587.99504 0.991223
1588.31267 0.991747
1588.63036 0.991353
1588.94812 0.991847
1589.26594 0.992098
1589.58382 0.991694
1589.90177 0.992137
1590.21979 0.990125
1590.53786 0.992139
1590.856 0.991885
1591.1742 0.992166
1591.49247 0.992066
1591.8108 0.990259
1592.12919 0.992093
1592.44765 0.990272
1592.76617 0.992047
1593.08476 0.992245
1593.40341 0.992072
1593.72212 0.992225
1594.0409 0.991975
1594.35974 0.98966
1594.67864 0.991537
1594.99761 0.991629
1595.31664 0.992119
1595.63573 0.991974
1595.95489 0.991736
1596.27412 0.990025
1596.5934 0.99034
1596.91275 0.99089
1597.23217 0.988608
1597.55165 0.989628
1597.87119 0.988219
1598.1908 0.986566
1598.51047 0.98312
1598.8302 0.982268
1599.15 0.969325
1599.46986 0.971176
1599.78979 0.967774
1600.10978 0.962087
1600.42983 0.956093
1600.74995 0.948657
1601.07013 0.940159
1601.39038 0.931442
1601.71069 0.929888
1602.03106 0.929733
1602.3515 0.929737
1602.672 0.926484
1602.99257 0.923199
1603.3132 0.923277
1603.63389 0.925608
1603.95465 0.931573
1604.27547 0.938812
1604.59636 0.949902
1604.91731 0.97974
1605.23833 0.973707
1605.55941 0.981341
1605.88055 0.989683
1606.20176 0.973788
1606.52303 0.957054
1606.84437 0.945654
1607.16577 0.976193
1607.48724 0.947588
1607.80877 0.931035
1608.13036 0.926684
1608.45202 0.982264
1608.77374 0.927982
1609.09553 0.924991
1609.41738 0.965727
1609.73929 0.947311
1610.06127 0.929998
1610.38332 0.944709
1610.70543 0.974379
1611.0276 0.939891
1611.34984 0.974162
1611.67214 0.957873
1611.99451 0.951836
1612.31694 0.988334
1612.63943 0.959596
1612.96199 0.965046
1613.28462 0.988635
1613.60731 0.970945
1613.93006 0.989064
1614.25288 0.97755
1614.57576 0.978373
1614.89871 0.99062
1615.22172 0.980537
1615.5448 0.990183
1615.86794 0.982662
1616.19115 0.985817
1616.51442 0.98815
1616.83775 0.984586
1617.16115 0.990085
1617.48462 0.986941
1617.80815 0.990075
1618.13174 0.98755
1618.4554 0.990584
1618.77912 0.987088
1619.10291 0.989636
1619.42676 0.990794
1619.75068 0.990755
1620.07466 0.990382
1620.39871 0.991488
1620.72282 0.990367
1621.047 0.990682
1621.37124 0.990876
1621.69555 0.990659
1622.01992 0.991726
1622.34436 0.990773
1622.66886 0.99168
1622.99342 0.991582
1623.31805 0.991666
1623.64275 0.990619
1623.96751 0.989424
1624.29234 0.991253
1624.61723 0.991853
1624.94218 0.992215
1625.26721 0.991196
1625.59229 0.991115
1625.91744 0.988895
1626.24266 0.990744
1626.56794 0.991369
1626.89329 0.992341
1627.2187 0.988044
1627.54417 0.991361
1627.86971 0.9918
1628.19532 0.985654
1628.52099 0.989505
1628.84673 0.990206
1629.17253 0.990942
1629.4984 0.991073
1629.82433 0.991685
1630.15033 0.991745
1630.47639 0.978751
1630.80252 0.987427
1631.12871 0.990941
1631.45497 0.989527
1631.78129 0.991976
1632.10768 0.989931
1632.43414 0.98868
1632.76066 0.98365
1633.08724 0.980421
1633.41389 0.989736
1633.74061 0.988629
1634.06739 0.991826
1634.39423 0.989087
1634.72115 0.991141
1635.04812 0.989838
1635.37516 0.962121
1635.70227 0.991274
1636.02945 0.988737
1636.35668 0.991633
1636.68399 0.987001
1637.01136 0.991497
1637.33879 0.990372
1637.66629 0.95041
1637.99386 0.982086
1638.32149 0.99031
1638.64919 0.989204
1638.97695 0.986987
1639.30478 0.987651
1639.63267 0.982081
1639.96063 0.987185
1640.28866 0.927974
1640.61675 0.987954
1640.9449 0.985744
1641.27313 0.984798
1641.60141 0.983594
1641.92977 0.983551
1642.25818 0.982788
1642.58667 0.985707
1642.91522 0.91813
1643.24384 0.981116
1643.57252 0.983701
1643.90126 0.98432
1644.23008 0.986542
1644.55896 0.99181
1644.8879 0.987768
1645.21691 0.98685
1645.54599 0.898498
1645.87513 0.989034
1646.20434 0.98863
1646.53361 0.988232
1646.86295 0.991417
1647.19236 0.986982
1647.52183 0.984336
1647.85137 0.982459
1648.18097 0.927679
1648.51064 0.976628
1648.84037 0.981183
1649.17017 0.980204
1649.50004 0.986712
1649.82997 0.983515
1650.15997 0.983864
1650.49004 0.986359
1650.82017 0.916876
1651.15037 0.976673
1651.48063 0.983689
1651.81096 0.991021
1652.14135 0.982085
1652.47181 0.988066
1652.80234 0.99219
1653.13294 0.98891
1653.4636 0.983761
1653.79432 0.927753
1654.12511 0.991162
1654.45597 0.990814
1654.7869 0.98976
1655.11789 0.986379
1655.44894 0.987809
1655.78007 0.985142
1656.11125 0.989412
1656.44251 0.959305
1656.77383 0.990067
1657.10522 0.988224
1657.43667 0.990334
1657.76819 0.989887
1658.09978 0.991806
1658.43143 0.99198
1658.76315 0.990304
1659.09494 0.991556
1659.42679 0.976921
1659.75871 0.990422
1660.0907 0.990933
1660.42275 0.992652
1660.75486 0.992576
1661.08705 0.99183
1661.4193 0.985778
1661.75162 0.990567
1662.084 0.990417
1662.41645 0.972652
1662.74897 0.990959
1663.08155 0.991846
1663.4142 0.987189
1663.74692 0.991544
1664.0797 0.99182
1664.41255 0.991864
1664.74546 0.992147
1665.07845 0.989911
1665.41149 0.903246
1665.74461 0.895842
1666.07779 0.884029
1666.41104 0.950316
1666.74436 0.961172
1667.07774 0.972387
1667.41119 0.983715
1667.7447 0.98993
1668.07829 0.986282
1668.41193 0.986915
1668.74565 0.985443
1669.07943 0.991643
1669.41328 0.988722
1669.7472 0.990742
1670.08118 0.992318
1670.41523 0.990085
1670.74935 0.988373
1671.08353 0.991729
1671.41778 0.979662
1671.7521 0.990357
1672.08648 0.99224
1672.42093 0.99162
1672.75545 0.992166
1673.09003 0.992029
1673.42469 0.990955
1673.7594 0.990965
1674.09419 0.992261
1674.42904 0.958065
1674.76396 0.992519
1675.09895 0.991138
1675.434 0.987241
1675.76912 0.992306
1676.10431 0.991428
1676.43956 0.992819
1676.77488 0.988965
1677.11027 0.99131
1677.44573 0.958986
1677.78125 0.979282
1678.11684 0.992623
1678.4525 0.987232
1678.78822 0.992364
1679.12401 0.99287
1679.45987 0.991876
1679.7958 0.991775
1680.13179 0.991278
1680.46785 0.992628
1680.80398 0.95885
1681.14017 0.991317
1681.47643 0.989257
1681.81276 0.991823
1682.14916 0.992464
1682.48562 0.992301
1682.82215 0.992741
1683.15875 0.991223
1683.49542 0.99222
1683.83215 0.985303
1684.16895 0.935825
1684.50582 0.992533
1684.84275 0.991734
1685.17975 0.991012
1685.51682 0.99152
1685.85396 0.991326
1686.19116 0.992134
1686.52844 0.991561
1686.86578 0.992229
1687.20318 0.952773
1687.54066 0.990624
1687.8782 0.990483
1688.21581 0.991669
1688.55349 0.992899
1688.89123 0.989429
1689.22904 0.991154
1689.56692 0.988648
1689.90487 0.990718
1690.24288 0.992666
1690.58097 0.941399
1690.91912 0.979963
1691.25733 0.990118
1691.59562 0.978876
1691.93397 0.988733
1692.27239 0.984068
1692.61088 0.990443
1692.94944 0.99275
1693.28806 0.991562
1693.62675 0.991994
1693.96551 0.96751
1694.30434 0.98709
1694.64323 0.987706
1694.9822 0.987659
1695.32123 0.99229
1695.66032 0.99258
1695.99949 0.992627
1696.33872 0.992234
1696.67803 0.967837
1697.01739 0.977623
1697.35683 0.944499
1697.69634 0.992333
1698.03591 0.989937
1698.37555 0.990425
1698.71526 0.990865
1699.05504 0.991368
1699.39488 0.990314
1699.7348 0.976962
1700.07478 0.983944
1700.41483 0.98857
1700.75494 0.981213
1701.09513 0.959114
1701.43538 0.991698
1701.7757 0.987968
1702.11609 0.989197
1702.45655 0.987046
1702.79707 0.976948
1703.13767 0.988079
1703.47833 0.975453
1703.81906 0.987684
1704.15986 0.98704
1704.50072 0.986082
1704.84166 0.989957
1705.18266 0.977383
1705.52373 0.977862
1705.86487 0.990494
1706.20608 0.973019
1706.54735 0.982032
1706.88869 0.970414
1707.23011 0.985454
1707.57159 0.968303
1707.91314 0.98131
1708.25475 0.979895
1708.59644 0.925128
1708.93819 0.95443
1709.28001 0.988195
1709.6219 0.984812
1709.96386 0.988667
1710.30589 0.985834
1710.64798 0.971803
1710.99015 0.990173
1711.33238 0.98943
1711.67468 0.991208
1712.01705 0.989005
1712.35949 0.987475
1712.70199 0.988877
1713.04457 0.988232
1713.38721 0.987301
1713.72992 0.985429
1714.0727 0.976669
1714.41555 0.923352
1714.75847 0.969519
1715.10146 0.991634
1715.44451 0.985277
1715.78763 0.992242
1716.13083 0.933611
1716.47409 0.990772
1716.81741 0.991486
1717.16081 0.98893
1717.50428 0.990041
1717.84781 0.9923
1718.19142 0.990027
1718.53509 0.991713
1718.87883 0.989957
1719.22264 0.992206
1719.56652 0.990642
1719.91047 0.986557
1720.25449 0.990628
1720.59857 0.984758
1720.94273 0.987723
1721.28695 0.866243
1721.63124 0.955023
1721.9756 0.9886
1722.32003 0.981795
1722.66453 0.9835
1723.0091 0.984869
1723.35373 0.975441
1723.69844 0.911176
1724.04321 0.984569
1724.38805 0.924788
1724.73297 0.934769
1725.07795 0.980786
1725.423 0.98671
1725.76812 0.987556
1726.11331 0.953662
1726.45856 0.988088
1726.80389 0.989761
1727.14928 0.977177
1727.49475 0.983599
1727.84028 0.987272
1728.18588 0.986035
1728.53156 0.957907
1728.8773 0.949137
1729.22311 0.98629
1729.56899 0.989559
1729.91493 0.991394
1730.26095 0.988764
1730.60704 0.982699
1730.9532 0.981557
1731.29942 0.990419
1731.64571 0.985369
1731.99208 0.869797
1732.33851 0.830031
1732.68501 0.984771
1733.03159 0.989503
1733.37823 0.99072
1733.72494 0.988677
1734.07172 0.991104
1734.41857 0.986817
1734.76548 0.98785
1735.11247 0.985113
1735.45953 0.968337
1735.80666 0.942515
1736.15385 0.921113
1736.50112 0.977097
1736.84845 0.886334
1737.19586 0.990186
1737.54333 0.990794
1737.89087 0.986034
1738.23849 0.983201
1738.58617 0.989041
1738.93392 0.98744
1739.28174 0.991295
1739.62963 0.971113
1739.97759 0.923867
1740.32563 0.980914
1740.67373 0.989906
1741.02189 0.978051
1741.37013 0.814886
1741.71844 0.935249
1742.06682 0.98603
1742.41527 0.990584
1742.76379 0.990195
1743.11237 0.988063
1743.46103 0.990789
1743.80976 0.991623
1744.15856 0.984517
1744.50742 0.840207
1744.85636 0.988725
1745.20537 0.990619
1745.55444 0.990313
1745.90359 0.988428
1746.2528 0.981278
1746.60209 0.790083
1746.95144 0.809771
1747.30087 0.887831
1747.65036 0.93057
1747.99993 0.989101
1748.34956 0.99068
1748.69927 0.990248
1749.04904 0.985145
1749.39889 0.987772
1749.7488 0.99107
1750.09879 0.988295
1750.44884 0.989295
1750.79897 0.983194
1751.14916 0.985795
1751.49943 0.775811
1751.84976 0.980959
1752.20017 0.989769
1752.55064 0.988974
1752.90119 0.979168
1753.2518 0.990582
1753.60249 0.991728
1753.95324 0.988752
1754.30407 0.989014
1754.65497 0.986155
1755.00593 0.819637
1755.35697 0.913159
1755.70807 0.979902
1756.05925 0.98899
1756.4105 0.983739
1756.76182 0.833935
1757.1132 0.969678
1757.46466 0.776588
1757.81619 0.977852
1758.16779 0.988147
1758.51946 0.98983
1758.87119 0.990457
1759.223 0.991319
1759.57488 0.992148
1759.92683 0.98747
1760.27885 0.989412
1760.63095 0.986469
1760.98311 0.832464
1761.33534 0.982916
1761.68764 0.990618
1762.04001 0.987233
1762.39246 0.874327
1762.74497 0.974254
1763.09756 0.85474
1763.45021 0.976488
1763.80294 0.989537
1764.15573 0.98776
1764.5086 0.982449
1764.86153 0.986155
1765.21454 0.980515
1765.56762 0.799759
1765.92077 0.428463
1766.27399 0.932286
1766.62728 0.982751
1766.98064 0.974002
1767.33407 0.975396
1767.68757 0.977926
1768.04115 0.976916
1768.39479 0.945081
1768.7485 0.983473
1769.10229 0.965363
1769.45614 0.957842
1769.81007 0.89009
1770.16407 0.974277
1770.51814 0.934059
1770.87228 0.836853
1771.22649 0.963416
1771.58077 0.989794
1771.93512 0.980936
1772.28954 0.983946
1772.64403 0.956127
1772.9986 0.966528
1773.35323 0.986866
1773.70794 0.952128
1774.06272 0.770004
1774.41756 0.84558
1774.77248 0.958475
1775.12747 0.943746
1775.48253 0.959785
1775.83767 0.86465
1776.19287 0.694123
1776.54814 0.928391
1776.90349 0.954008
1777.25891 0.972012
1777.61439 0.980023
1777.96995 0.936908
1778.32558 0.845893
1778.68128 0.688118
1779.03705 0.758367
1779.3929 0.942405
1779.74881 0.953442
1780.1048 0.98445
1780.46085 0.973336
1780.81698 0.945461
1781.17318 0.507273
1781.52945 0.852517
1781.88579 0.881018
1782.2422 0.983412
1782.59869 0.955759
1782.95524 0.984538
1783.31187 0.938052
1783.66857 0.955285
1784.02534 0.943507
1784.38218 0.802149
1784.73909 0.339065
1785.09607 0.778953
1785.45313 0.958934
1785.81026 0.619094
1786.16745 0.814011
1786.52472 0.925403
1786.88206 0.921039
1787.23947 0.635839
1787.59696 0.895368
1787.95451 0.971832
1788.31214 0.981589
1788.66984 0.85133
1789.02761 0.899722
1789.38545 0.982961
1789.74336 0.981412
1790.10135 0.961764
1790.4594 0.741438
1790.81753 0.680321
1791.17573 0.884169
1791.534 0.777225
1791.89234 0.800181
1792.25076 0.757462
1792.60924 0.695092
1792.9678 0.906218
1793.32643 0.680693
1793.68513 0.712967
1794.04391 0.550781
1794.40275 0.875625
1794.76167 0.913254
1795.12065 0.676772
1795.47971 0.812046
1795.83885 0.921486
1796.19805 0.569129
1796.55733 0.928917
1796.91667 0.402513
1797.27609 0.901829
1797.63558 0.921993
1797.99515 0.653039
1798.35478 0.860388
1798.71449 0.964991
1799.07427 0.95583
1799.43412 0.929513
1799.79404 0.373158
1800.15404 0.551787
1800.5141 0.334664
1800.87424 0.476385
1801.23445 0.210456
1801.59474 0.498928
1801.95509 0.706876
1802.31552 0.345986
1802.67602 0.387869
1803.03659 0.819334
1803.39723 0.608241
1803.75795 0.564655
1804.11873 0.734692
1804.47959 0.787833
1804.84053 0.82593
1805.20153 0.920986
1805.56261 0.51417
1805.92376 0.424653
1806.28498 0.0463516
1806.64627 0.332356
1807.00763 0.80672
1807.36907 0.349595
1807.73058 0.457559
1808.09216 0.881694
1808.45382 0.727583
1808.81555 0.672967
1809.17735 0.563852
1809.53922 0.784688
1809.90116 0.840541
1810.26318 0.610739
1810.62527 0.278152
1810.98743 0.149923
1811.34966 0.342195
1811.71197 0.785174
1812.07435 0.206493
1812.4368 0.551412
1812.79932 0.0306797
1813.16192 0.402343
1813.52459 0.474736
1813.88733 0.757545
1814.25014 0.862891
1814.61303 0.825268
1814.97599 0.325594
1815.33902 0.349502
1815.70212 0.0219097
1816.0653 0.453295
1816.42855 0.300915
1816.79187 0.596426
1817.15526 0.230263
1817.51873 0.762368
1817.88227 0.797462
1818.24588 0.516411
1818.60957 0.0373839
1818.97333 0.494102
1819.33716 0.702997
1819.70106 0.409245
1820.06504 0.140244
1820.42909 2.89017e-06
1820.79321 0.0144977
1821.15741 0.321782
1821.52167 0.0784905
1821.88602 0.12257
1822.25043 0.056162
1822.61492 0.179649
1822.97947 0.374785
1823.34411 0.736079
1823.70881 0.812563
1824.07359 0.791948
1824.43844 0.764181
1824.80337 0.449186
1825.16836 0.510395
1825.53343 0.492976
1825.89858 0.234666
1826.26379 0.00127891
1826.62908 0.0174332
1826.99444 0.346387
1827.35988 0.584577
1827.72539 0.436541
1828.09097 0.25947
1828.45662 0.0894107
1828.82235 0.0363773
1829.18815 0.114079
1829.55403 0.411225
1829.91998 0.155305
1830.286 0.0434633
1830.65209 0.292376
1831.01826 0.0496965
1831.3845 0.0145405
1831.75081 0.31286
1832.1172 0.403964
1832.48366 0.121022
1832.85019 0.0621573
1833.2168 0.202321
1833.58348 0.448988
1833.95023 0.365721
1834.31706 0.242938
1834.68396 0.0826941
1835.05093 6.6771e-06
1835.41798 0.0616415
1835.7851 0.0554377
1836.15229 0.00467266
1836.51956 0.00118008
1836.8869 0.116298
1837.25431 0.0590604
1837.6218 6.21378e-05
1837.98936 0.000147169
1838.357 0.0497472
1838.72471 0.171797
1839.09249 0.281446
1839.46034 0.101808
1839.82827 0.0001166
1840.19627 0.00124951
1840.56435 0.0360611
1840.9325 0.191701
1841.30072 0.0670563
1841.66902 3.0893e-05
1842.03739 5.54532e-07
1842.40584 0.000523687
1842.77435 0.0770561
1843.14294 0.328734
1843.51161 0.111117
1843.88035 0.181132
1844.24916 0.271648
1844.61805 0.499947
1844.98701 0.46716
1845.35604 0.505547
1845.72515 0.240899
1846.09433 0.239986
1846.46359 0.0139162
1846.83292 0.00155354
1847.20232 2.50726e-06
1847.5718 0.00809835
1847.94135 0.00104622
1848.31098 0.000142424
1848.68068 0.000360435
1849.05045 0.0489347
1849.4203 0.123847
1849.79022 0.305743
1850.16021 0.0992125
1850.53028 0.00952483
1850.90042 0.0695807
1851.27064 0.254368
1851.64093 0.497101
1852.0113 0.431363
1852.38174 0.315134
1852.75225 0.0679947
1853.12284 0.00162534
1853.4935 0.0281306
1853.86424 0.000681015
1854.23505 0.00125359
1854.60593 0.103587
1854.97689 0.0899616
1855.34792 0.327074
1855.71903 0.337816
1856.09021 0.138225
1856.46146 0.0126999
1856.83279 0.00030544
1857.2042 0.0279276
1857.57567 0.0223246
1857.94723 0.259075
1858.31885 0.401704
1858.69055 0.265047
1859.06233 0.207988
1859.43418 0.0207707
1859.8061 2.46079e-08
1860.1781 0.00513289
1860.55017 0.00010428
1860.92232 0.0129865
1861.29454 0.12882
1861.66684 0.456315
1862.03921 0.451529
1862.41166 0.506002
1862.78417 0.139481
1863.15677 0.154998
1863.52944 0.382367
1863.90218 0.232402
1864.275 0.0111157
1864.64789 0.0554428
1865.02086 0.0746527
1865.3939 0.205692
1865.76701 0.423818
1866.14021 0.544541
1866.51347 0.349146
1866.88681 0.276165
1867.26023 0.0277467
1867.63372 9.4287e-06
1868.00728 1.00558e-09
1868.38092 0.0126551
1868.75463 0.100936
1869.12842 0.0847998
1869.50228 0.00695074
1869.87622 0.0107359
1870.25023 0.00468125
1870.62432 0.012161
1870.99848 3.44075e-12
1871.37272 6.19737e-06
1871.74703 0.000487243
1872.12142 0.10297
1872.49588 0.0857063
1872.87042 0.00204544
1873.24503 8.13751e-13
1873.61972 0.000531925
1873.99448 0.000140167
1874.36931 0.0565407
1874.74422 0.101687
1875.11921 0.0446367
1875.49427 0.00158027
1875.86941 0.104808
1876.24462 0.0914432
1876.61991 0.0401529
1876.99527 4.11691e-05
1877.3707 0.00509338
1877.74622 0.186225
1878.1218 0.161136
1878.49747 0.228563
1878.8732 0.484844
1879.24901 0.408873
1879.6249 0.296966
1880.00086 0.599131
1880.3769 0.244496
1880.75302 0.0964485
1881.1292 0.0654427
1881.50547 0.143556
1881.88181 0.284617
1882.25822 0.585386
1882.63471 0.419384
1883.01127 0.490176
1883.38791 0.392849
1883.76463 0.0554396
1884.14142 6.67226e-06
1884.51829 0.0814227
1884.89523 0.315728
1885.27224 0.389376
1885.64934 0.0783594
1886.0265 0.477797
1886.40375 0.453511
1886.78106 0.042525
1887.15846 0.226222
1887.53593 0.466435
1887.91347 0.633873
1888.29109 0.628512
1888.66879 0.515423
1889.04656 0.548733
1889.42441 0.401432
1889.80233 0.0395384
1890.18033 0.000376842
1890.5584 0.0290827
1890.93655 0.272306
1891.31478 0.359477
1891.69308 0.191229
1892.07145 0.0320174
1892.44991 0.0629596
1892.82843 0.179874
1893.20704 0.212185
1893.58572 0.111334
1893.96447 0.0294841
1894.3433 0.369451
1894.72221 0.298758
1895.10119 0.557582
1895.48025 0.668614
1895.85938 0.417383
1896.23859 0.48856
1896.61788 0.348609
1896.99724 0.535334
1897.37668 0.292143
1897.75619 0.00929301
1898.13578 0.106149
1898.51545 0.196114
1898.89519 0.0159918
1899.275 0.0107694
1899.6549 3.06088e-06
1900.03487 0.00828633
1900.41491 0.00723126
1900.79503 0.0131975
1901.17523 0.180425
1901.5555 0.230221
1901.93585 0.402335
1902.31628 0.262156
1902.69678 0.0106331
1903.07736 5.59489e-08
1903.45801 0.0678846
1903.83874 0.266413
1904.21954 0.358138
1904.60043 0.0787766
1904.98138 0.0433129
1905.36242 1.83979e-06
1905.74353 0.00308204
1906.12472 0.0202646
1906.50598 0.0256868
1906.88732 7.49525e-09
1907.26873 0.0825295
1907.65023 0.400036
1908.03179 0.477135
1908.41344 0.521068
1908.79516 0.16549
1909.17696 0.250569
1909.55883 0.535649
1909.94078 0.31717
1910.32281 0.287388
1910.70491 0.0542668
1911.08709 0.251574
1911.46934 0.0029931
1911.85168 0.0240785
1912.23409 0.227491
1912.61657 0.135359
1912.99913 0.170723
1913.38177 0.00305597
1913.76448 1.24826e-05
1914.14728 0.036666
1914.53014 0.0810328
1914.91309 0.11362
1915.29611 0.41748
1915.67921 0.482357
1916.06238 0.0652767
1916.44563 0.013311
1916.82896 0.121923
1917.21236 0.199295
1917.59584 0.640175
1917.9794 0.707851
1918.36304 0.685798
1918.74675 0.6338
1919.13053 0.447497
1919.5144 0.0967115
1919.89834 1.25613e-05
1920.28236 0.0165818
1920.66645 4.26691e-05
1921.05062 0.00107232
1921.43487 0.173293
1921.8192 0.336404
1922.2036 0.595543
1922.58808 0.686194
1922.97264 0.58065
1923.35727 0.667582
1923.74198 0.22834
1924.12677 0.000305153
1924.51163 0.0590935
1924.89657 0.39772
1925.28159 0.760624
1925.66668 0.782481
1926.05185 0.400839
1926.4371 0.631653
1926.82243 0.169026
1927.20783 0.00462887
1927.59331 0.199684
1927.97887 0.524952
1928.3645 0.167806
1928.75022 0.0234363
1929.136 0.498608
1929.52187 0.634137
1929.90781 0.597151
1930.29383 0.0381935
1930.67993 0.343706
1931.06611 0.0483782
1931.45236 0.255552
1931.83869 0.252097
1932.22509 0.655237
1932.61158 0.617634
1932.99814 0.337575
1933.38478 0.767161
1933.77149 0.363486
1934.15828 0.140153
1934.54515 0.39793
1934.9321 0.838169
1935.31913 0.850018
1935.70623 0.509
1936.09341 0.624032
1936.48067 0.145199
1936.868 0.42001
1937.25541 0.560721
1937.6429 0.687787
1938.03047 0.150276
1938.41812 0.511072
1938.80584 0.53733
1939.19364 0.0862887
1939.58152 0.195451
1939.96947 0.249891
1940.3575 0.719672
1940.74561 0.530374
1941.1338 0.409547
1941.52207 0.125874
1941.91041 0.519554
1942.29883 0.882557
1942.68733 0.858444
1943.07591 0.764192
1943.46456 0.617001
1943.85329 0.432452
1944.2421 0.535365
1944.63099 0.287301
1945.01995 0.25569
1945.409 0.614758
1945.79812 0.678211
1946.18732 0.470809
1946.57659 0.805751
1946.96595 0.578023
1947.35538 0.400414
1947.74489 0.700569
1948.13448 0.347402
1948.52414 0.498228
1948.91389 0.687647
1949.30371 0.348712
1949.69361 0.713995
1950.08359 0.526913
1950.47364 0.618154
1950.86378 0.457662
1951.25399 0.719381
1951.64428 0.712383
1952.03465 0.617395
1952.42509 0.589203
1952.81562 0.608819
1953.20622 0.182351
1953.5969 0.435001
1953.98766 0.540884
1954.37849 0.335042
1954.76941 0.543055
1955.1604 0.376971
1955.55147 0.255908
1955.94262 0.447821
1956.33385 0.297877
1956.72516 0.40568
1957.11654 0.300082
1957.508 0.61303
1957.89954 0.22636
1958.29116 0.341295
1958.68286 0.511568
1959.07463 0.315302
1959.46649 0.322779
1959.85842 0.688159
1960.25043 0.781292
1960.64252 0.702312
1961.03469 0.390541
1961.42694 0.689787
1961.81926 0.833129
1962.21166 0.50252
1962.60414 0.497612
1962.9967 0.613064
1963.38934 0.309969
1963.78206 0.56662
1964.17486 0.556305
1964.56773 0.378836
1964.96068 0.80514
1965.35371 0.443215
1965.74682 0.71532
1966.14001 0.546246
1966.53328 0.574303
1966.92663 0.843558
1967.32005 0.546092
1967.71355 0.833432
1968.10714 0.47595
1968.5008 0.766668
1968.89454 0.71287
1969.28836 0.596215
1969.68225 0.892035
1970.07623 0.654191
1970.47028 0.934085
1970.86442 0.648687
1971.25863 0.755286
1971.65292 0.495888
1972.04729 0.731763
1972.44174 0.667866
1972.83627 0.925721
1973.23087 0.790781
1973.62556 0.871479
1974.02032 0.653875
1974.41517 0.668227
1974.81009 0.920884
1975.20509 0.856544
1975.60017 0.917051
1975.99533 0.71954
1976.39057 0.964369
1976.78589 0.908785
1977.18128 0.975707
1977.57676 0.864387
1977.97231 0.933468
1978.36795 0.931707
1978.76366 0.935721
1979.15945 0.948245
1979.55533 0.823387
1979.95128 0.499715
1980.34731 0.681887
1980.74342 0.816777
1981.1396 0.961025
1981.53587 0.967762
1981.93222 0.960052
1982.32864 0.961314
1982.72515 0.921298
1983.12173 0.858856
1983.5184 0.98178
1983.91514 0.981948
1984.31196 0.968839
1984.70887 0.982657
1985.10585 0.830153
1985.50291 0.968616
1985.90005 0.980458
1986.29727 0.976817
1986.69457 0.903784
1987.09195 0.496226
1987.4894 0.953594
1987.88694 0.953335
1988.28456 0.967752
1988.68226 0.980989
1989.08003 0.965818
1989.47789 0.978855
1989.87582 0.856104
1990.27384 0.668588
1990.67193 0.808784
1991.07011 0.975397
1991.46836 0.984707
1991.86669 0.962801
1992.26511 0.976092
1992.6636 0.976658
1993.06217 0.981393
1993.46083 0.970589
1993.85956 0.969823
1994.25837 0.764317
1994.65726 0.926194
1995.05623 0.946802
1995.45528 0.89441
1995.85441 0.832234
1996.25363 0.889453
1996.65292 0.743517
1997.05229 0.722063
1997.45174 0.771303
1997.85127 0.718843
1998.25088 0.516044
1998.65057 0.629594
1999.05034 0.573728
1999.45019 0.547547
1999.85012 0.487086
2000.25013 0.468576
2000.65022 0.407376
2001.05039 0.35974
2001.45064 0.350436
2001.85097 0.417921
2002.25138 0.381358
2002.65187 0.268853
2003.05244 0.242482
2003.45309 0.251084
2003.85382 0.348741
2004.25463 0.399938
2004.65552 0.27046
2005.05649 0.211807
2005.45754 0.321306
2005.85868 0.348535
2006.25989 0.214606
2006.66118 0.366403
2007.06255 0.564511
2007.46401 0.382408
2007.86554 0.373932
2008.26715 0.627512
2008.66885 0.520708
2009.07062 0.790202
2009.47247 0.456096
2009.87441 0.655246
2010.27642 0.337698
2010.67852 0.427066
2011.08069 0.497959
2011.48295 0.307446
2011.88529 0.595096
2012.28771 0.280531
2012.6902 0.449732
2013.09278 0.488136
2013.49544 0.26544
2013.89818 0.603002
2014.301 0.265012
2014.7039 0.676296
2015.10688 0.264715
2015.50994 0.623364
2015.91308 0.365872
2016.31631 0.540152
2016.71961 0.396237
2017.123 0.445002
2017.52646 0.521237
2017.93001 0.456974
2018.33363 0.588921
2018.73734 0.446939
2019.14113 0.614365
2019.545 0.511543
2019.94895 0.642124
2020.35298 0.593216
2020.75709 0.663881
2021.16128 0.600729
2021.56555 0.675333
2021.9699 0.740227
2022.37434 0.646805
2022.77885 0.834078
2023.18345 0.596904
2023.58813 0.869263
2023.99289 0.640565
2024.39773 0.88675
2024.80265 0.680958
2025.20765 0.884494
2025.61273 0.743449
2026.01789 0.906287
2026.42314 0.831744
2026.82846 0.88182
2027.23387 0.938336
2027.63935 0.805781
2028.04492 0.875148
2028.45057 0.847171
2028.8563 0.879872
2029.26211 0.892982
2029.66801 0.941577
2030.07398 0.956779
2030.48004 0.88263
2030.88617 0.946257
2031.29239 0.917065
2031.69869 0.958815
2032.10507 0.946145
2032.51153 0.943603
2032.91808 0.949916
2033.3247 0.872082
2033.73141 0.960301
2034.13819 0.939872
2034.54506 0.96209
2034.95201 0.947857
2035.35904 0.960669
2035.76615 0.948231
2036.17335 0.960627
2036.58062 0.949175
2036.98798 0.955762
2037.39542 0.951313
2037.80294 0.949266
2038.21054 0.934615
2038.61822 0.974293
2039.02599 0.946379
2039.43383 0.93994
2039.84176 0.918042
2040.24977 0.869865
2040.65786 0.946835
2041.06603 0.924777
2041.47429 0.910824
2041.88262 0.959608
2042.29104 0.934438
2042.69954 0.924743
2043.10812 0.917541
2043.51678 0.943637
2043.92553 0.919887
2044.33435 0.912704
2044.74326 0.949787
2045.15225 0.940321
2045.56132 0.945629
2045.97047 0.936642
2046.37971 0.92147
2046.78903 0.898523
2047.19843 0.897651
2047.60791 0.934483
2048.01747 0.840221
2048.42711 0.841654
2048.83684 0.782841
2049.24665 0.793575
2049.65654 0.875205
2050.06651 0.744131
2050.47656 0.719572
2050.8867 0.689601
2051.29692 0.837467
2051.70722 0.723322
2052.1176 0.659841
2052.52807 0.607205
2052.93861 0.859134
2053.34924 0.642416
2053.75995 0.572164
2054.17075 0.712556
2054.58162 0.720838
2054.99258 0.575344
2055.40362 0.649478
2055.81474 0.819812
2056.22594 0.557581
2056.63723 0.621139
2057.0486 0.823934
2057.46005 0.593384
2057.87158 0.709191
2058.2832 0.84532
2058.6949 0.66298
2059.10668 0.879238
2059.51854 0.808241
2059.93048 0.848166
2060.34251 0.950052
2060.75462 0.914071
2061.16681 0.812768
2061.57909 0.709483
2061.99144 0.937555
2062.40388 0.655013
2062.81641 0.756884
2063.22901 0.783447
2063.6417 0.613368
2064.05447 0.911313
2064.46732 0.599082
2064.88025 0.837969
2065.29327 0.683029
2065.70637 0.633048
2066.11955 0.864093
2066.53282 0.605978
2066.94617 0.916935
2067.3596 0.620004
2067.77311 0.878485
2068.18671 0.679515
2068.60039 0.723733
2069.01415 0.844348
2069.42799 0.669329
2069.84192 0.898992
2070.25593 0.675727
2070.67002 0.932557
2071.0842 0.689154
2071.49845 0.916479
2071.9128 0.701675
2072.32722 0.955273
2072.74173 0.756896
2073.15632 0.887344
2073.57099 0.791363
2073.98575 0.909302
2074.40058 0.777246
2074.81551 0.914186
2075.23051 0.837473
2075.6456 0.877175
2076.06077 0.874662
2076.47602 0.917897
2076.89136 0.858723
2077.30678 0.936805
2077.72228 0.85805
2078.13787 0.93267
2078.55354 0.920757
2078.96929 0.967015
2079.38512 0.943853
2079.80104 0.975637
2080.21704 0.94262
2080.63313 0.975357
2081.0493 0.950489
2081.46555 0.961628
2081.88188 0.922444
2082.2983 0.952139
2082.7148 0.933294
2083.13139 0.948656
2083.54806 0.940869
2083.96481 0.931424
2084.38164 0.947053
2084.79856 0.879415
2085.21556 0.946814
2085.63265 0.940276
2086.04981 0.945656
2086.46707 0.947833
2086.8844 0.939977
2087.30182 0.968421
2087.71932 0.926292
2088.13691 0.984481
2088.55458 0.926592
2088.97233 0.974679
2089.39017 0.942155
2089.80809 0.962853
2090.22609 0.945208
2090.64418 0.963043
2091.06235 0.964071
2091.4806 0.960793
2091.89894 0.974675
2092.31736 0.956912
2092.73587 0.974502
2093.15445 0.963371
2093.57313 0.978562
2093.99188 0.932725
2094.41072 0.98169
2094.82965 0.973325
2095.24866 0.981651
2095.66775 0.975697
2096.08692 0.983209
2096.50618 0.981192
2096.92553 0.984476
2097.34495 0.979709
2097.76446 0.982913
2098.18406 0.986422
2098.60374 0.936591
2099.0235 0.959425
2099.44335 0.988687
2099.86328 0.982047
2100.28329 0.966421
2100.70339 0.988658
2101.12357 0.982872
2101.54384 0.951055
2101.96419 0.955809
2102.38463 0.983797
2102.80514 0.991524
2103.22575 0.985557
2103.64644 0.98543
2104.06721 0.990452
2104.48806 0.986448
2104.909 0.981327
2105.33003 0.985633
2105.75113 0.987889
2106.17233 0.988473
2106.5936 0.983394
2107.01496 0.986142
2107.43641 0.983907
2107.85794 0.988845
2108.27955 0.981265
2108.70125 0.987188
2109.12303 0.982314
2109.5449 0.981961
2109.96685 0.973153
2110.38889 0.983104
2110.81101 0.988432
2111.23321 0.982025
2111.6555 0.962748
2112.07787 0.983041
2112.50033 0.975342
2112.92287 0.99019
2113.3455 0.98718
2113.76821 0.993332
2114.19101 0.988103
2114.61389 0.989055
2115.03685 0.988554
2115.4599 0.986375
2115.88304 0.989574
2116.30626 0.981198
2116.72956 0.990819
2117.15295 0.987784
2117.57642 0.989776
2117.99998 0.986927
2118.42362 0.940301
2118.84735 0.981008
2119.27116 0.988428
2119.69506 0.979528
2120.11904 0.980834
2120.5431 0.982698
2120.96725 0.989833
2121.39149 0.987984
2121.81581 0.990723
2122.24022 0.993728
2122.66471 0.991388
2123.08928 0.991737
2123.51394 0.991571
2123.93869 0.991508
2124.36352 0.966514
2124.78843 0.979733
2125.21343 0.99206
2125.63852 0.992658
2126.06369 0.992751
2126.48894 0.993107
2126.91428 0.993657
2127.33971 0.991186
2127.76522 0.936965
2128.19082 0.99159
2128.6165 0.994242
2129.04226 0.993403
2129.46811 0.993567
2129.89405 0.994118
2130.32007 0.994497
2130.74618 0.993294
2131.17237 0.994123
2131.59865 0.994741
2132.02501 0.994097
2132.45146 0.993796
2132.87799 0.994133
2133.30461 0.994304
2133.73131 0.994552
2134.1581 0.994428
2134.58497 0.994918
2135.01193 0.994594
2135.43898 0.994385
2135.86611 0.980227
2136.29333 0.99218
2136.72063 0.994163
2137.14801 0.993426
2137.57549 0.993163
2138.00304 0.994754
2138.43069 0.993255
2138.85842 0.994329
2139.28623 0.993685
2139.71413 0.993091
2140.14212 0.994004
2140.57019 0.994607
2140.99835 0.994629
2141.42659 0.994854
2141.85492 0.994327
2142.28333 0.992069
2142.71183 0.992748
2143.14041 0.991386
2143.56909 0.992282
2143.99784 0.994592
2144.42668 0.993391
2144.85561 0.993908
2145.28463 0.994418
2145.71373 0.992903
2146.14291 0.993145
2146.57218 0.992596
2147.00154 0.992542
2147.43098 0.988539
2147.86051 0.990988
2148.29013 0.987791
2148.71983 0.988064
2149.14962 0.987547
2149.57949 0.986934
2150.00945 0.982561
2150.43949 0.989149
2150.86962 0.98872
2151.29984 0.95941
2151.73014 0.97088
2152.16053 0.98201
2152.59101 0.980664
2153.02157 0.971987
2153.45222 0.982191
2153.88295 0.990932
2154.31377 0.981119
2154.74468 0.983823
2155.17567 0.984267
2155.60675 0.984179
2156.03791 0.992888
2156.46916 0.989544
2156.9005 0.991892
2157.33192 0.98853
2157.76343 0.991526
2158.19503 0.988688
2158.62671 0.992543
2159.05848 0.970449
2159.49033 0.991771
2159.92227 0.98189
2160.3543 0.990736
2160.78642 0.974112
2161.21862 0.964961
2161.6509 0.990644
2162.08328 0.990298
2162.51574 0.98077
2162.94828 0.990178
2163.38092 0.912173
2163.81363 0.974594
2164.24644 0.992128
2164.67933 0.991567
2165.11231 0.989803
2165.54538 0.988433
2165.97853 0.992108
2166.41177 0.987231
2166.8451 0.969972
2167.27851 0.976899
2167.71201 0.987101
2168.14559 0.990746
2168.57927 0.944947
2169.01302 0.988423
2169.44687 0.990936
2169.8808 0.991896
2170.31482 0.984831
2170.74893 0.99355
2171.18312 0.992623
2171.6174 0.992364
2172.05177 0.991118
2172.48622 0.956294
2172.92076 0.973134
2173.35539 0.992836
2173.79011 0.984199
2174.22491 0.990321
2174.6598 0.964314
2175.09477 0.988775
2175.52983 0.989763
2175.96498 0.986229
2176.40022 0.96824
2176.83554 0.994476
2177.27095 0.993645
2177.70645 0.994277
2178.14204 0.985355
2178.57771 0.947194
2179.01347 0.99116
2179.44931 0.963876
2179.88525 0.990943
2180.32127 0.994295
2180.75738 0.994283
2181.19357 0.994908
2181.62985 0.9951
2182.06622 0.995087
2182.50268 0.99333
2182.93922 0.985172
2183.37586 0.914959
2183.81257 0.986833
2184.24938 0.969659
2184.68627 0.955559
2185.12326 0.927183
2185.56032 0.988024
2185.99748 0.99487
2186.43472 0.994884
2186.87205 0.988957
2187.30947 0.981678
2187.74698 0.976901
2188.18457 0.971295
2188.62225 0.993436
2189.06002 0.993588
2189.49787 0.978754
2189.93582 0.994391
2190.37385 0.968773
2190.81197 0.991866
2191.25017 0.9951
2191.68847 0.994949
2192.12685 0.995206
2192.56532 0.994004
2193.00388 0.994307
2193.44252 0.995034
2193.88125 0.994556
2194.32007 0.992698
2194.75898 0.951103
2195.19798 0.964219
2195.63706 0.993029
2196.07623 0.990745
2196.51549 0.98046
2196.95484 0.9904
2197.39427 0.988431
2197.83379 0.991107
2198.27341 0.904445
2198.7131 0.971483
2199.15289 0.957415
2199.59277 0.9351
2200.03273 0.880283
2200.47278 0.878634
2200.91292 0.960856
2201.35314 0.972289
2201.79346 0.950661
2202.23386 0.941792
2202.67435 0.954941
2203.11493 0.967137
2203.5556 0.98066
2203.99635 0.972821
2204.4372 0.971874
2204.87813 0.904383
2205.31915 0.971905
2205.76026 0.981478
2206.20145 0.992611
2206.64274 0.976249
2207.08411 0.98952
2207.52557 0.981198
2207.96712 0.992526
2208.40876 0.994752
2208.85048 0.993812
2209.2923 0.993184
2209.7342 0.994268
2210.17619 0.987633
2210.61827 0.989971
2211.06044 0.97396
2211.50269 0.991863
2211.94504 0.993372
2212.38747 0.994294
2212.82999 0.992414
2213.2726 0.993769
2213.7153 0.992446
2214.15809 0.990636
2214.60097 0.988414
2215.04393 0.978891
2215.48698 0.993062
2215.93013 0.953973
2216.37336 0.955184
2216.81667 0.963893
2217.26008 0.993103
2217.70358 0.990504
2218.14716 0.985456
2218.59084 0.986847
2219.0346 0.992983
2219.47845 0.991582
2219.92239 0.989273
2220.36642 0.992398
2220.81054 0.98271
2221.25474 0.961134
2221.69904 0.957273
2222.14342 0.974974
2222.5879 0.989455
2223.03246 0.98973
2223.47711 0.990501
2223.92185 0.984707
2224.36668 0.990131
2224.8116 0.986493
2225.2566 0.972585
2225.7017 0.986475
2226.14688 0.988672
2226.59216 0.951507
2227.03752 0.950649
2227.48297 0.986069
2227.92851 0.985902
2228.37415 0.982575
2228.81986 0.992386
2229.26567 0.986607
2229.71157 0.992657
2230.15756 0.986385
2230.60363 0.981696
2231.0498 0.985729
2231.49605 0.935921
2231.9424 0.983711
2232.38883 0.929107
2232.83535 0.984122
2233.28196 0.986967
2233.72867 0.959564
2234.17546 0.983332
2234.62234 0.984503
2235.06931 0.978846
2235.51636 0.988919
2235.96351 0.965062
2236.41075 0.952762
2236.85808 0.981119
2237.30549 0.969368
2237.753 0.959842
2238.20059 0.968273
2238.64828 0.990079
2239.09605 0.988304
2239.54392 0.975779
2239.99187 0.990601
2240.43991 0.944886
2240.88805 0.980097
2241.33627 0.948642
2241.78458 0.976931
2242.23298 0.980661
2242.68147 0.97873
2243.13006 0.98217
2243.57873 0.966262
2244.02749 0.939578
2244.47634 0.960851
2244.92528 0.993356
2245.37431 0.983941
2245.82343 0.963197
2246.27264 0.947081
2246.72194 0.951214
2247.17133 0.885712
2247.6208 0.976128
2248.07037 0.985892
2248.52003 0.985423
2248.96978 0.974877
2249.41962 0.987158
2249.86955 0.961135
2250.31957 0.964751
2250.76968 0.949468
2251.21988 0.975891
2251.67017 0.982113
2252.12054 0.970752
2252.57101 0.965359
2253.02157 0.969786
2253.47222 0.94729
2253.92296 0.91796
2254.37379 0.965405
2254.82471 0.975431
2255.27572 0.959586
2255.72682 0.954861
2256.17801 0.948269
2256.62929 0.928309
2257.08066 0.909639
2257.53213 0.973284
2257.98368 0.965791
2258.43532 0.950417
2258.88705 0.985447
2259.33887 0.976024
2259.79079 0.973936
2260.24279 0.947918
2260.69488 0.964475
2261.14707 0.894922
2261.59934 0.894109
2262.05171 0.922382
2262.50416 0.928894
2262.95671 0.992131
2263.40935 0.945085
2263.86207 0.930974
2264.31489 0.964422
2264.7678 0.876702
2265.2208 0.964456
2265.67389 0.985421
2266.12707 0.984616
2266.58034 0.986816
2267.0337 0.979384
2267.48715 0.955161
2267.94069 0.962194
2268.39433 0.880232
2268.84805 0.84104
2269.30187 0.974566
2269.75577 0.975348
2270.20977 0.929357
2270.66386 0.94644
2271.11803 0.985871
2271.5723 0.960677
2272.02666 0.961261
2272.48111 0.877016
2272.93566 0.979903
2273.39029 0.957997
2273.84501 0.979654
2274.29983 0.985989
2274.75473 0.942236
2275.20973 0.946913
2275.66482 0.798963
2276.11999 0.922063
2276.57526 0.91071
2277.03062 0.914039
2277.48608 0.969016
2277.94162 0.976548
2278.39725 0.965126
2278.85298 0.977728
2279.30879 0.988313
2279.7647 0.98792
2280.2207 0.977221
2280.67679 0.83671
2281.13297 0.982606
2281.58924 0.965333
2282.04561 0.981384
2282.50206 0.956651
2282.95861 0.774949
2283.41524 0.969542
2283.87197 0.861551
2284.32879 0.959431
2284.78571 0.974766
2285.24271 0.881378
2285.6998 0.972048
2286.15699 0.987838
2286.61426 0.961278
2287.07163 0.976078
2287.52909 0.96027
2287.98665 0.978275
2288.44429 0.963622
2288.90202 0.981203
2289.35985 0.886345
2289.81777 0.822415
2290.27578 0.921328
2290.73388 0.978471
2291.19207 0.936907
2291.65035 0.961458
2292.10873 0.938352
2292.5672 0.877762
2293.02576 0.98036
2293.48441 0.965556
2293.94315 0.901266
2294.40199 0.963934
2294.86091 0.880104
2295.31993 0.942066
2295.77904 0.857533
2296.23824 0.90765
2296.69753 0.947486
2297.15692 0.983348
2297.6164 0.980762
2298.07597 0.922423
2298.53563 0.847891
2298.99538 0.913759
2299.45523 0.910565
2299.91516 0.927394
2300.37519 0.874663
2300.83531 0.883086
2301.29553 0.965836
2301.75583 0.964291
2302.21623 0.938205
2302.67672 0.925776
2303.1373 0.96833
2303.59797 0.873416
2304.05874 0.928893
2304.5196 0.860275
2304.98055 0.942963
2305.44159 0.92203
2305.90272 0.948099
2306.36395 0.940066
2306.82527 0.956534
2307.28668 0.934357
2307.74818 0.891366
2308.20978 0.962515
2308.67147 0.979314
2309.13325 0.967158
2309.59512 0.950669
2310.05709 0.966749
2310.51914 0.991639
2310.98129 0.994326
2311.44354 0.990534
2311.90587 0.985024
2312.3683 0.953979
2312.83082 0.995079
2313.29343 0.994688
2313.75614 0.993583
2314.21893 0.995248
2314.68182 0.993625
2315.14481 0.988019
2315.60788 0.976958
2316.07105 0.870539
2316.53431 0.83524
2316.99766 0.650159
2317.46111 0.805249
2317.92465 0.788051
2318.38828 0.839311
2318.852 0.902551
2319.31582 0.922244
2319.77973 0.88746
2320.24373 0.943582
2320.70783 0.918171
2321.17201 0.966336
2321.63629 0.935845
2322.10067 0.880372
2322.56514 0.901423
2323.02969 0.929912
2323.49435 0.959461
2323.95909 0.937534
2324.42393 0.98222
2324.88886 0.980252
2325.35389 0.906867
2325.819 0.962213
2326.28421 0.951118
2326.74952 0.964797
2327.21491 0.988376
2327.6804 0.975602
2328.14599 0.988498
2328.61166 0.829172
2329.07743 0.949112
2329.54329 0.950374
2330.00925 0.986749
2330.4753 0.984725
2330.94144 0.936424
2331.40767 0.956421
2331.874 0.892368
2332.34042 0.940371
2332.80694 0.952517
2333.27355 0.987255
2333.74025 0.951495
2334.20704 0.939338
2334.67393 0.927258
2335.14091 0.918804
2335.60799 0.980834
2336.07515 0.892727
2336.54242 0.967389
2337.00977 0.970289
2337.47722 0.96536
2337.94476 0.953104
2338.4124 0.870634
2338.88013 0.916423
2339.34795 0.946334
2339.81587 0.846598
2340.28388 0.787297
2340.75198 0.931295
2341.22018 0.841781
2341.68847 0.934817
2342.15685 0.886443
2342.62533 0.934407
2343.0939 0.934482
2343.56257 0.90618
2344.03133 0.947656
2344.50018 0.942556
2344.96913 0.845242
2345.43817 0.902721
2345.9073 0.920344
2346.37653 0.933323
2346.84585 0.873369
2347.31527 0.91949
2347.78478 0.875833
2348.25438 0.797318
2348.72408 0.938849
2349.19387 0.895564
2349.66376 0.892083
2350.13374 0.921898
2350.60381 0.79502
2351.07398 0.805475
2351.54424 0.844155
2352.0146 0.890286
2352.48505 0.719337
2352.95559 0.965674
2353.42623 0.767616
2353.89696 0.968307
2354.36779 0.962978
2354.83871 0.916326
2355.30972 0.954445
2355.78083 0.777317
2356.25204 0.848109
2356.72333 0.950984
2357.19473 0.921502
2357.66621 0.98299
2358.13779 0.888791
2358.60947 0.707667
2359.08124 0.866134
2359.5531 0.989539
2360.02506 0.984518
2360.49711 0.984537
2360.96926 0.983343
2361.4415 0.859452
2361.91383 0.937082
2362.38626 0.987396
2362.85879 0.982877
2363.33141 0.964125
2363.80412 0.864457
2364.27693 0.931579
2364.74983 0.934549
2365.22283 0.977258
2365.69592 0.984572
2366.16911 0.899667
2366.64239 0.982488
2367.11576 0.869625
2367.58923 0.761775
2368.0628 0.969741
2368.53646 0.937671
2369.01021 0.846235
2369.48406 0.966686
2369.95801 0.829396
2370.43205 0.534084
2370.90618 0.649522
2371.38041 0.595974
2371.85473 0.755189
2372.32915 0.813383
2372.80366 0.82354
2373.27827 0.963341
2373.75298 0.874369
2374.22777 0.974426
2374.70267 0.919445
2375.17765 0.916254
2375.65274 0.977589
2376.12792 0.920005
2376.60319 0.754815
2377.07856 0.851457
2377.55402 0.927299
2378.02958 0.700675
2378.50523 0.882817
2378.98098 0.965005
2379.45682 0.944219
2379.93276 0.881447
2380.4088 0.867302
2380.88493 0.926464
2381.36115 0.976004
2381.83747 0.983566
2382.31389 0.962554
2382.7904 0.891636
2383.267 0.691327
2383.7437 0.850026
2384.2205 0.682039
2384.69739 0.9061
2385.17438 0.977268
2385.65146 0.942422
2386.12864 0.703497
2386.60591 0.835394
2387.08328 0.976891
2387.56075 0.886105
2388.03831 0.680217
2388.51596 0.951996
2388.99371 0.979816
2389.47156 0.969191
2389.9495 0.84544
2390.42754 0.968802
2390.90567 0.902731
2391.3839 0.539478
2391.86223 0.916535
2392.34065 0.964293
2392.81916 0.973374
2393.29777 0.903886
2393.77648 0.976837
2394.25528 0.869731
2394.73418 0.93381
2395.21318 0.955438
2395.69227 0.918171
2396.17146 0.953299
2396.65074 0.635057
2397.13012 0.844867
2397.60959 0.943414
2398.08916 0.941327
2398.56883 0.969375
2399.04859 0.956494
2399.52844 0.936915
2400.0084 0.969687
2400.48845 0.793034
2400.96859 0.974698
2401.44884 0.98529
2401.92917 0.936687
2402.40961 0.962761
2402.89014 0.980405
2403.37076 0.943616
2403.85149 0.926929
2404.3323 0.49746
2404.81322 0.962026
2405.29423 0.960774
2405.77534 0.924237
2406.25654 0.889646
2406.73784 0.80225
2407.21923 0.781479
2407.70073 0.718571
2408.18231 0.94031
2408.664 0.981857
2409.14578 0.944325
2409.62766 0.82058
2410.10963 0.733158
2410.5917 0.972663
2411.07387 0.981707
2411.55613 0.82401
2412.03849 0.898325
2412.52095 0.939368
2413.0035 0.978293
2413.48615 0.950418
2413.96889 0.850476
2414.45174 0.634547
2414.93467 0.960729
2415.41771 0.92326
2415.90084 0.382268
2416.38407 0.614208
2416.86739 0.940296
2417.35082 0.953811
2417.83434 0.943229
2418.31795 0.68977
2418.80166 0.569023
2419.28547 0.325824
2419.76938 0.815903
2420.25338 0.951613
2420.73748 0.969081
2421.22167 0.969023
2421.70597 0.973808
2422.19036 0.84747
2422.67484 0.963688
2423.15943 0.964176
2423.64411 0.957227
2424.12888 0.622649
2424.61376 0.946924
2425.09873 0.911777
2425.5838 0.949773
2426.06896 0.892062
2426.55423 0.676068
2427.03958 0.968811
2427.52504 0.95227
2428.01059 0.965955
2428.49625 0.981008
2428.98199 0.968491
2429.46784 0.970932
2429.95378 0.958546
2430.43982 0.975616
2430.92596 0.976978
2431.41219 0.975092
2431.89852 0.978547
2432.38495 0.974182
2432.87147 0.918273
2433.3581 0.619342
2433.84482 0.944721
2434.33164 0.925709
2434.81855 0.687405
2435.30556 0.213444
2435.79267 0.532458
2436.27988 0.322901
2436.76718 0.633996
2437.25459 0.935194
2437.74209 0.952698
2438.22968 0.967191
2438.71738 0.974298
2439.20517 0.98096
2439.69306 0.980593
2440.18105 0.971569
2440.66913 0.975263
2441.15732 0.980458
2441.6456 0.972908
2442.13397 0.977849
2442.62245 0.9039
2443.11102 0.808407
2443.59969 0.97109
2444.08846 0.961385
2444.57733 0.955007
2445.06629 0.936957
2445.55536 0.818248
2446.04452 0.170347
2446.53377 0.738648
2447.02313 0.676514
2447.51258 0.646806
2448.00213 0.657986
2448.49178 0.93518
2448.98153 0.955779
2449.47138 0.945015
2449.96132 0.632751
2450.45136 0.557159
2450.9415 0.587088
2451.43174 0.224719
2451.92207 0.790583
2452.41251 0.928415
2452.90304 0.956729
2453.39367 0.91737
2453.8844 0.680177
2454.37522 0.741598
2454.86615 0.531908
2455.35717 0.950831
2455.84829 0.969049
2456.33951 0.958984
2456.83082 0.94549
2457.32224 0.970732
2457.81375 0.975191
2458.30537 0.973722
2458.79708 0.970359
2459.28888 0.9418
2459.78079 0.961042
2460.2728 0.975308
2460.7649 0.971648
2461.2571 0.940454
2461.7494 0.927041
2462.2418 0.82941
2462.7343 0.133802
2463.2269 0.747673
2463.71959 0.92018
2464.21238 0.770415
2464.70528 0.901009
2465.19827 0.963534
2465.69135 0.969132
2466.18454 0.924319
2466.67783 0.96566
2467.17121 0.955808
2467.6647 0.581403
2468.15828 0.881732
2468.65196 0.875772
2469.14574 0.933243
2469.63962 0.952053
2470.1336 0.935291
2470.62767 0.92279
2471.12185 0.88362
2471.61612 0.723442
2472.11049 0.120876
2472.60497 0.18154
2473.09954 0.256669
2473.5942 0.836918
2474.08897 0.91699
2474.58384 0.936918
2475.07881 0.807274
2475.57387 0.837462
2476.06904 0.951311
2476.5643 0.957801
2477.05966 0.919405
2477.55512 0.796839
2478.05068 0.928283
2478.54634 0.683897
2479.0421 0.870172
2479.53796 0.773833
2480.03392 0.763907
2480.52997 0.356347
2481.02613 0.710856
2481.52238 0.292419
2482.01874 0.834212
2482.51519 0.847878
2483.01174 0.850317
2483.5084 0.724264
2484.00515 0.232975
2484.502 0.225997
2484.99895 0.76916
2485.496 0.881087
2485.99315 0.827624
2486.4904 0.836127
2486.98774 0.474108
2487.48519 0.527998
2487.98274 0.110727
2488.48038 0.326473
2488.97813 0.798364
2489.47598 0.496804
2489.97392 0.863993
2490.47196 0.605525
2490.97011 0.702377
2491.46835 0.770686
2491.9667 0.267312
2492.46514 0.602285
2492.96368 0.689965
2493.46233 0.652902
2493.96107 0.676745
2494.45991 0.121089
2494.95885 0.132687
2495.45789 0.418403
2495.95703 0.829417
2496.45628 0.550247
2496.95562 0.777975
2497.45506 0.846106
2497.9546 0.654661
2498.45424 0.788594
2498.95398 0.786558
2499.45382 0.722552
2499.95376 0.803881
