# Obtained using Skycalc tool from ESO webpage
# Water vapour content 2.5 mm
Wave[nm] Transmission[no-units]
1920 0.00537199
1920.24516 0.0113694
1920.49036 0.00701575
1920.73559 0.00287719
1920.98084 0.0158674
1921.22613 0.074206
1921.47145 0.16375
1921.7168 0.275965
1921.96219 0.466916
1922.2076 0.58628
1922.45305 0.635391
1922.69852 0.624481
1922.94403 0.622184
1923.18957 0.649175
1923.43514 0.564271
1923.68075 0.330158
1923.92638 0.100048
1924.17204 0.0198785
1924.41774 0.064745
1924.66347 0.20262
1924.90923 0.403622
1925.15502 0.634364
1925.40084 0.753395
1925.64669 0.737013
1925.89258 0.602226
1926.13849 0.489858
1926.38444 0.521806
1926.63042 0.410847
1926.87643 0.160649
1927.12247 0.0498103
1927.36855 0.0925792
1927.61465 0.226266
1927.86079 0.383597
1928.10695 0.394777
1928.35315 0.221144
1928.59938 0.0864018
1928.84565 0.163134
1929.09194 0.406026
1929.33826 0.583364
1929.58462 0.623768
1929.83101 0.558387
1930.07743 0.338038
1930.32388 0.19043
1930.57036 0.232674
1930.81687 0.194662
1931.06342 0.143892
1931.30999 0.192462
1931.5566 0.256711
1931.80324 0.303022
1932.04991 0.413399
1932.29661 0.623237
1932.54335 0.627153
1932.79011 0.441588
1933.03691 0.45585
1933.28374 0.635813
1933.5306 0.618498
1933.77749 0.371713
1934.02441 0.19095
1934.27137 0.252664
1934.51835 0.41201
1934.76537 0.643724
1935.01242 0.802006
1935.2595 0.816744
1935.50661 0.715242
1935.75376 0.586208
1936.00093 0.5513
1936.24814 0.422095
1936.49538 0.232425
1936.74265 0.280646
1936.98995 0.494839
1937.23728 0.587404
1937.48465 0.607665
1937.73204 0.487691
1937.97947 0.271378
1938.22693 0.319234
1938.47442 0.532207
1938.72195 0.530391
1938.9695 0.309017
1939.21709 0.187718
1939.4647 0.198839
1939.71235 0.155496
1939.96003 0.292327
1940.20775 0.573235
1940.45549 0.651339
1940.70327 0.52863
1940.95107 0.385943
1941.19891 0.380051
1941.44678 0.300566
1941.69469 0.327107
1941.94262 0.516613
1942.19059 0.75737
1942.43858 0.863772
1942.68661 0.831064
1942.93467 0.770376
1943.18276 0.761408
1943.43089 0.618053
1943.67904 0.436992
1943.92723 0.521
1944.17545 0.533314
1944.4237 0.398202
1944.67198 0.295678
1944.9203 0.27962
1945.16864 0.432265
1945.41702 0.560144
1945.66543 0.624485
1945.91387 0.606316
1946.16234 0.586855
1946.41085 0.662016
1946.65938 0.741218
1946.90795 0.639278
1947.15655 0.453133
1947.40518 0.468699
1947.65385 0.574475
1947.90254 0.560563
1948.15127 0.441267
1948.40003 0.465875
1948.64882 0.55096
1948.89764 0.597369
1949.14649 0.493562
1949.39538 0.466257
1949.64429 0.560561
1949.89324 0.581377
1950.14222 0.598451
1950.39124 0.607414
1950.64028 0.58783
1950.88936 0.555978
1951.13847 0.66367
1951.38761 0.706896
1951.63678 0.704532
1951.88598 0.648417
1952.13522 0.57614
1952.38448 0.565657
1952.63378 0.525185
1952.88311 0.542428
1953.13248 0.392404
1953.38187 0.30222
1953.6313 0.428108
1953.88075 0.543426
1954.13024 0.416908
1954.37977 0.322331
1954.62932 0.403931
1954.87891 0.496035
1955.12852 0.411081
1955.37817 0.353078
1955.62785 0.340963
1955.87757 0.378331
1956.12731 0.344337
1956.37709 0.310816
1956.6269 0.343439
1956.87674 0.418518
1957.12661 0.423107
1957.37651 0.449298
1957.62645 0.434517
1957.87642 0.360669
1958.12642 0.345888
1958.37645 0.366218
1958.62652 0.432814
1958.87661 0.379153
1959.12674 0.323774
1959.3769 0.365539
1959.62709 0.525928
1959.87731 0.658317
1960.12757 0.692246
1960.37786 0.732648
1960.62818 0.650046
1960.87853 0.535843
1961.12891 0.557137
1961.37933 0.676083
1961.62978 0.718429
1961.88025 0.668189
1962.13077 0.569555
1962.38131 0.600483
1962.63188 0.530358
1962.88249 0.49443
1963.13313 0.504623
1963.3838 0.406058
1963.63451 0.440992
1963.88524 0.521137
1964.13601 0.548504
1964.38681 0.515524
1964.63764 0.508668
1964.8885 0.644063
1965.1394 0.642836
1965.39033 0.562518
1965.64129 0.610065
1965.89228 0.560037
1966.1433 0.618328
1966.39436 0.679725
1966.64545 0.623261
1966.89657 0.715889
1967.14772 0.718088
1967.3989 0.644369
1967.65012 0.670221
1967.90137 0.598981
1968.15265 0.62821
1968.40396 0.695449
1968.6553 0.670868
1968.90668 0.761669
1969.15809 0.75756
1969.40953 0.662027
1969.661 0.778476
1969.91251 0.806796
1970.16404 0.729923
1970.41561 0.814946
1970.66721 0.806157
1970.91885 0.676076
1971.17051 0.6585
1971.42221 0.640267
1971.67394 0.593214
1971.9257 0.641527
1972.1775 0.665721
1972.42932 0.731949
1972.68118 0.849382
1972.93307 0.852183
1973.18499 0.819702
1973.43695 0.855932
1973.68894 0.824585
1973.94096 0.689021
1974.19301 0.646179
1974.44509 0.761108
1974.69721 0.84287
1974.94936 0.908198
1975.20154 0.900985
1975.45375 0.857146
1975.70599 0.849965
1975.95827 0.812063
1976.21058 0.832416
1976.46292 0.919063
1976.71529 0.9426
1976.9677 0.924428
1977.22014 0.930104
1977.47261 0.908512
1977.72511 0.896034
1977.97764 0.921881
1978.23021 0.941691
1978.48281 0.924674
1978.73544 0.928126
1978.9881 0.947486
1979.2408 0.929848
1979.49353 0.82556
1979.74629 0.635558
1979.99908 0.584022
1980.25191 0.646752
1980.50476 0.683698
1980.75765 0.827982
1981.01058 0.936749
1981.26353 0.963995
1981.51652 0.963984
1981.76954 0.961948
1982.02259 0.968512
1982.27567 0.965569
1982.52879 0.936115
1982.78193 0.890016
1983.03511 0.871832
1983.28833 0.93127
1983.54157 0.974782
1983.79485 0.982056
1984.04816 0.9785
1984.3015 0.973602
1984.55488 0.973584
1984.80828 0.962301
1985.06172 0.909793
1985.31519 0.872201
1985.5687 0.931096
1985.82223 0.974929
1986.0758 0.977999
1986.3294 0.962633
1986.58304 0.881986
1986.8367 0.709709
1987.0904 0.649518
1987.34413 0.817329
1987.59789 0.934457
1987.85169 0.953874
1988.10552 0.961529
1988.35938 0.969467
1988.61327 0.97586
1988.86719 0.974974
1989.12115 0.970558
1989.37514 0.967895
1989.62916 0.921861
1989.88322 0.800777
1990.1373 0.718452
1990.39142 0.776187
1990.64558 0.828626
1990.89976 0.901648
1991.15398 0.963611
1991.40823 0.981966
1991.66251 0.976143
1991.91682 0.966836
1992.17117 0.971143
1992.42555 0.972856
1992.67996 0.977216
1992.9344 0.981251
1993.18888 0.977167
1993.44339 0.972924
1993.69793 0.9629
1993.95251 0.893339
1994.20711 0.817387
1994.46175 0.876208
1994.71642 0.924772
1994.97113 0.942631
1995.22587 0.933069
1995.48063 0.881936
1995.73544 0.826143
1995.99027 0.848659
1996.24514 0.860248
1996.50004 0.814222
1996.75497 0.765641
1997.00993 0.76576
1997.26493 0.751584
1997.51996 0.72228
1997.77502 0.697767
1998.03012 0.614654
1998.28524 0.533656
1998.5404 0.582616
1998.7956 0.629968
1999.05082 0.550054
1999.30608 0.539351
1999.56137 0.544706
1999.81669 0.494974
2000.07205 0.513029
2000.32744 0.468569
2000.58286 0.434306
2000.83831 0.434878
2001.0938 0.376766
2001.34932 0.383721
2001.60487 0.359622
2001.86045 0.372585
2002.11607 0.337512
2002.37172 0.309898
2002.6274 0.282529
2002.88311 0.253578
2003.13886 0.287691
2003.39464 0.306213
2003.65045 0.313981
2003.9063 0.310244
2004.16217 0.313245
2004.41808 0.307381
2004.67403 0.304898
2004.93 0.303052
2005.18601 0.288675
2005.44205 0.288031
2005.69813 0.267388
2005.95423 0.29221
2006.21037 0.294827
2006.46654 0.371591
2006.72275 0.377737
2006.97899 0.428488
2007.23526 0.436923
2007.49156 0.453063
2007.7479 0.474021
2008.00426 0.446138
2008.26066 0.521196
2008.5171 0.548899
2008.77356 0.626394
2009.03006 0.709094
2009.2866 0.643185
2009.54316 0.529443
2009.79976 0.534628
2010.05639 0.468048
2010.31305 0.439603
2010.56975 0.455612
2010.82648 0.390457
2011.08324 0.451733
2011.34003 0.449036
2011.59686 0.408905
2011.85372 0.437417
2012.11061 0.383954
2012.36754 0.425117
2012.62449 0.442865
2012.88148 0.376527
2013.13851 0.465501
2013.39556 0.435557
2013.65265 0.376017
2013.90978 0.459311
2014.16693 0.428867
2014.42412 0.43236
2014.68134 0.503136
2014.93859 0.421464
2015.19588 0.439964
2015.4532 0.500137
2015.71055 0.429988
2015.96794 0.480584
2016.22535 0.511463
2016.4828 0.424362
2016.74029 0.465789
2016.9978 0.469057
2017.25535 0.402697
2017.51294 0.511296
2017.77055 0.565014
2018.0282 0.442646
2018.28588 0.498822
2018.54359 0.571319
2018.80134 0.507276
2019.05912 0.541728
2019.31693 0.607275
2019.57478 0.57285
2019.83266 0.579969
2020.09057 0.653016
2020.34851 0.631733
2020.60649 0.574802
2020.8645 0.641544
2021.12254 0.641868
2021.38062 0.577858
2021.63873 0.686709
2021.89687 0.70629
2022.15505 0.626151
2022.41325 0.72486
2022.67149 0.780425
2022.92977 0.70424
2023.18807 0.69991
2023.44641 0.78713
2023.70479 0.768063
2023.96319 0.712777
2024.22163 0.800294
2024.4801 0.795904
2024.73861 0.735526
2024.99715 0.813904
2025.25572 0.866204
2025.51432 0.831541
2025.77296 0.792637
2026.03163 0.847159
2026.29033 0.860908
2026.54907 0.824686
2026.80784 0.869848
2027.06664 0.916228
2027.32547 0.895269
2027.58434 0.843266
2027.84324 0.856218
2028.10218 0.857952
2028.36114 0.846379
2028.62014 0.859501
2028.87918 0.894836
2029.13824 0.912525
2029.39734 0.894736
2029.65648 0.9252
2029.91564 0.951567
2030.17484 0.927444
2030.43407 0.903591
2030.69334 0.925048
2030.95264 0.933474
2031.21197 0.929238
2031.47133 0.938841
2031.73073 0.949072
2031.99016 0.946491
2032.24962 0.936798
2032.50912 0.946621
2032.76865 0.950874
2033.02821 0.923908
2033.28781 0.897179
2033.54744 0.925574
2033.8071 0.950179
2034.0668 0.949933
2034.32653 0.94759
2034.58629 0.952411
2034.84608 0.953195
2035.10591 0.952227
2035.36577 0.953226
2035.62567 0.953845
2035.8856 0.954543
2036.14556 0.95138
2036.40555 0.950839
2036.66558 0.955307
2036.92564 0.955691
2037.18573 0.960051
2037.44586 0.957624
2037.70602 0.95705
2037.96621 0.949596
2038.22644 0.943721
2038.4867 0.93742
2038.74699 0.943774
2039.00732 0.949156
2039.26768 0.946852
2039.52807 0.946112
2039.7885 0.923952
2040.04896 0.896999
2040.30945 0.891176
2040.56998 0.914977
2040.83054 0.936008
2041.09113 0.933828
2041.35176 0.932403
2041.61241 0.926688
2041.87311 0.934831
2042.13383 0.932142
2042.39459 0.933382
2042.65538 0.924712
2042.91621 0.929151
2043.17707 0.932119
2043.43796 0.939262
2043.69889 0.931933
2043.95984 0.918941
2044.22084 0.921089
2044.48186 0.923765
2044.74292 0.92993
2045.00401 0.937979
2045.26514 0.948374
2045.5263 0.9451
2045.78749 0.942897
2046.04872 0.935193
2046.30997 0.928655
2046.57127 0.920387
2046.83259 0.907495
2047.09395 0.908155
2047.35534 0.887036
2047.61677 0.890698
2047.87823 0.870885
2048.13972 0.855922
2048.40125 0.837722
2048.66281 0.837093
2048.9244 0.8216
2049.18602 0.820069
2049.44768 0.7861
2049.70938 0.799553
2049.9711 0.772992
2050.23286 0.757315
2050.49466 0.7429
2050.75648 0.761097
2051.01834 0.733092
2051.28024 0.739908
2051.54216 0.698566
2051.80412 0.71438
2052.06612 0.685684
2052.32814 0.692428
2052.5902 0.676315
2052.8523 0.711736
2053.11443 0.687609
2053.37659 0.710349
2053.63878 0.691581
2053.90101 0.664117
2054.16327 0.680023
2054.42557 0.639704
2054.68789 0.652457
2054.95026 0.632287
2055.21265 0.681392
2055.47508 0.664844
2055.73754 0.708598
2056.00004 0.70409
2056.26257 0.646289
2056.52513 0.664598
2056.78773 0.636735
2057.05036 0.691076
2057.31302 0.684936
2057.57572 0.730064
2057.83845 0.751063
2058.10121 0.700538
2058.36401 0.74085
2058.62684 0.732144
2058.88971 0.804172
2059.15261 0.833335
2059.41554 0.801266
2059.67851 0.847442
2059.9415 0.872361
2060.20454 0.91734
2060.4676 0.93379
2060.7307 0.88425
2060.99384 0.815016
2061.257 0.83584
2061.52021 0.807624
2061.78344 0.798371
2062.04671 0.791316
2062.31001 0.723742
2062.57334 0.784182
2062.83671 0.770703
2063.10012 0.709642
2063.36355 0.738092
2063.62702 0.703667
2063.89053 0.763115
2064.15406 0.765919
2064.41763 0.683169
2064.68124 0.764761
2064.94488 0.757787
2065.20855 0.695728
2065.47225 0.737414
2065.73599 0.700074
2065.99976 0.73535
2066.26357 0.754747
2066.52741 0.690423
2066.79128 0.782106
2067.05519 0.784124
2067.31913 0.699504
2067.58311 0.78609
2067.84712 0.782851
2068.11116 0.716945
2068.37523 0.779966
2068.63934 0.762747
2068.90349 0.750557
2069.16766 0.787295
2069.43188 0.745836
2069.69612 0.783212
2069.9604 0.805094
2070.22471 0.750721
2070.48906 0.812117
2070.75344 0.821047
2071.01785 0.756083
2071.2823 0.829399
2071.54678 0.833484
2071.81129 0.771344
2072.07584 0.831482
2072.34042 0.855359
2072.60504 0.804194
2072.86969 0.860201
2073.13437 0.852012
2073.39909 0.801128
2073.66384 0.855092
2073.92863 0.866299
2074.19345 0.824672
2074.4583 0.858699
2074.72318 0.877517
2074.9881 0.833677
2075.25306 0.873775
2075.51805 0.884979
2075.78307 0.853398
2076.04812 0.884555
2076.31321 0.905126
2076.57834 0.896202
2076.84349 0.900099
2077.10869 0.912786
2077.37391 0.895916
2077.63917 0.87168
2077.90446 0.909173
2078.16979 0.928334
2078.43515 0.918115
2078.70054 0.938742
2078.96597 0.951394
2079.23143 0.949533
2079.49693 0.964571
2079.76246 0.964074
2080.02802 0.949179
2080.29362 0.960461
2080.55925 0.970272
2080.82492 0.965367
2081.09062 0.953088
2081.35635 0.949969
2081.62212 0.950118
2081.88792 0.947581
2082.15375 0.943929
2082.41962 0.938162
2082.68553 0.938079
2082.95146 0.94441
2083.21743 0.937622
2083.48344 0.931502
2083.74948 0.937063
2084.01555 0.94212
2084.28166 0.933024
2084.5478 0.915369
2084.81397 0.910226
2085.08018 0.934877
2085.34642 0.936694
2085.6127 0.937398
2085.87901 0.949374
2086.14536 0.939341
2086.41173 0.941716
2086.67815 0.954496
2086.94459 0.946283
2087.21108 0.950353
2087.47759 0.952704
2087.74414 0.94282
2088.01072 0.956209
2088.27734 0.954715
2088.54399 0.94633
2088.81067 0.957948
2089.07739 0.955249
2089.34415 0.953132
2089.61093 0.963006
2089.87776 0.953217
2090.14461 0.945686
2090.4115 0.960221
2090.67842 0.962532
2090.94538 0.96171
2091.21237 0.969085
2091.4794 0.965085
2091.74646 0.961823
2092.01355 0.972686
2092.28068 0.968729
2092.54784 0.959604
2092.81504 0.970745
2093.08227 0.974293
2093.34953 0.965758
2093.61683 0.95807
2093.88417 0.947495
2094.15153 0.958825
2094.41893 0.974159
2094.68637 0.977155
2094.95384 0.975539
2095.22134 0.979537
2095.48888 0.979782
2095.75645 0.97767
2096.02406 0.981387
2096.2917 0.983803
2096.55937 0.981666
2096.82708 0.981862
2097.09482 0.98176
2097.3626 0.980531
2097.63041 0.982296
2097.89826 0.983443
2098.16614 0.977526
2098.43405 0.958098
2098.702 0.944139
2098.96998 0.958369
2099.238 0.975956
2099.50605 0.983593
2099.77413 0.982394
2100.04225 0.978319
2100.3104 0.973532
2100.57859 0.979058
2100.84681 0.984785
2101.11507 0.981809
2101.38336 0.964794
2101.65168 0.942508
2101.92004 0.958294
2102.18844 0.979076
2102.45686 0.984471
2102.72532 0.986872
2102.99382 0.986978
2103.26235 0.988429
2103.53091 0.988189
2103.79951 0.986629
2104.06815 0.987107
2104.33681 0.986956
2104.60552 0.986607
2104.87425 0.984229
2105.14302 0.983777
2105.41183 0.985391
2105.68067 0.987136
2105.94954 0.987532
2106.21845 0.987013
2106.48739 0.985267
2106.75636 0.984784
2107.02537 0.985636
2107.29442 0.985899
2107.5635 0.985105
2107.83261 0.985008
2108.10176 0.984271
2108.37094 0.984759
2108.64016 0.984635
2108.90941 0.983326
2109.1787 0.984485
2109.44802 0.98233
2109.71737 0.976109
2109.98676 0.975863
2110.25618 0.981218
2110.52564 0.985552
2110.79513 0.985388
2111.06466 0.983509
2111.33422 0.984093
2111.60381 0.976053
2111.87344 0.965727
2112.14311 0.974601
2112.41281 0.979687
2112.68254 0.981523
2112.95231 0.986199
2113.22211 0.987997
2113.49194 0.99033
2113.76181 0.991025
2114.03172 0.98954
2114.30166 0.990937
2114.57163 0.990434
2114.84164 0.987714
2115.11168 0.988001
2115.38176 0.987579
2115.65187 0.985928
2115.92202 0.986226
2116.1922 0.983959
2116.46242 0.985856
2116.73267 0.989226
2117.00295 0.988559
2117.27327 0.988792
2117.54362 0.988938
2117.81401 0.98745
2118.08443 0.984596
2118.35489 0.966129
2118.62538 0.948645
2118.89591 0.969847
2119.16647 0.986135
2119.43706 0.985476
2119.70769 0.979712
2119.97836 0.978917
2120.24906 0.981133
2120.51979 0.984715
2120.79056 0.988988
2121.06136 0.9892
2121.3322 0.988958
2121.60307 0.989492
2121.87398 0.990499
2122.14492 0.99139
2122.41589 0.991462
2122.6869 0.991958
2122.95795 0.992015
2123.22903 0.992365
2123.50014 0.991999
2123.77129 0.991549
2124.04247 0.986213
2124.31369 0.975966
2124.58494 0.971712
2124.85623 0.978564
2125.12755 0.987929
2125.39891 0.992361
2125.6703 0.992892
2125.94173 0.993135
2126.21319 0.993097
2126.48468 0.993272
2126.75621 0.992844
2127.02778 0.992122
2127.29937 0.986839
2127.57101 0.968536
2127.84268 0.954095
2128.11438 0.974253
2128.38612 0.990522
2128.65789 0.993361
2128.9297 0.993503
2129.20154 0.993701
2129.47342 0.993843
2129.74533 0.994104
2130.01727 0.994012
2130.28925 0.993938
2130.56127 0.993723
2130.83332 0.993954
2131.1054 0.994257
2131.37752 0.994337
2131.64968 0.994317
2131.92187 0.994146
2132.19409 0.994105
2132.46635 0.993862
2132.73864 0.993892
2133.01097 0.994188
2133.28333 0.994439
2133.55573 0.994584
2133.82817 0.994512
2134.10063 0.994489
2134.37313 0.994646
2134.64567 0.994734
2134.91824 0.994645
2135.19085 0.994337
2135.46349 0.991418
2135.73617 0.985731
2136.00888 0.985196
2136.28162 0.990592
2136.55441 0.993751
2136.82722 0.993895
2137.10007 0.993341
2137.37296 0.992898
2137.64588 0.993769
2137.91883 0.994499
2138.19182 0.994146
2138.46485 0.993601
2138.7379 0.993981
2139.011 0.994009
2139.28413 0.993401
2139.55729 0.993043
2139.83049 0.993538
2140.10372 0.994071
2140.37699 0.994434
2140.6503 0.994568
2140.92364 0.994616
2141.19701 0.994798
2141.47042 0.994844
2141.74386 0.994535
2142.01734 0.993518
2142.29085 0.992556
2142.5644 0.992309
2142.83798 0.992133
2143.1116 0.992199
2143.38525 0.991801
2143.65894 0.99257
2143.93266 0.993964
2144.20642 0.99422
2144.48021 0.993584
2144.75404 0.993458
2145.0279 0.994031
2145.3018 0.994249
2145.57573 0.993689
2145.8497 0.992804
2146.1237 0.992666
2146.39774 0.992753
2146.67181 0.992833
2146.94592 0.991627
2147.22006 0.989734
2147.49424 0.990151
2147.76845 0.989898
2148.0427 0.988631
2148.31698 0.989526
2148.5913 0.989329
2148.86565 0.987176
2149.14004 0.987193
2149.41446 0.986824
2149.68892 0.985684
2149.96341 0.984552
2150.23794 0.987032
2150.5125 0.988102
2150.7871 0.98671
2151.06173 0.977315
2151.3364 0.964646
2151.6111 0.96814
2151.88584 0.973826
2152.16062 0.977612
2152.43542 0.97831
2152.71027 0.978864
2152.98515 0.976566
2153.26006 0.980837
2153.53501 0.983115
2153.80999 0.98599
2154.08501 0.985334
2154.36006 0.983626
2154.63515 0.984616
2154.91028 0.984544
2155.18544 0.983972
2155.46063 0.984087
2155.73586 0.986753
2156.01113 0.990519
2156.28643 0.991115
2156.56176 0.990477
2156.83713 0.991046
2157.11254 0.990464
2157.38798 0.989914
2157.66345 0.990491
2157.93896 0.989804
2158.21451 0.989221
2158.49009 0.990392
2158.76571 0.984543
2159.04136 0.976478
2159.31705 0.983113
2159.59277 0.987688
2159.86852 0.985348
2160.14432 0.986478
2160.42014 0.988003
2160.69601 0.980826
2160.97191 0.968084
2161.24784 0.969909
2161.52381 0.980446
2161.79981 0.988135
2162.07585 0.989066
2162.35192 0.986067
2162.62803 0.9842
2162.90418 0.982864
2163.18036 0.959587
2163.45657 0.928425
2163.73282 0.95083
2164.00911 0.981935
2164.28543 0.99079
2164.56179 0.99127
2164.83818 0.990628
2165.11461 0.990671
2165.39107 0.990775
2165.66757 0.989515
2165.9441 0.989784
2166.22067 0.987824
2166.49727 0.9815
2166.77391 0.97107
2167.05058 0.971736
2167.32729 0.983136
2167.60404 0.988096
2167.88082 0.987921
2168.15763 0.987031
2168.43449 0.972636
2168.71137 0.956254
2168.98829 0.973474
2169.26525 0.988893
2169.54224 0.990665
2169.81927 0.990757
2170.09633 0.989385
2170.37343 0.987359
2170.65057 0.990603
2170.92773 0.99316
2171.20494 0.992725
2171.48218 0.991881
2171.75945 0.991461
2172.03677 0.989896
2172.31411 0.977781
2172.59149 0.95966
2172.86891 0.966936
2173.14636 0.982398
2173.42385 0.989694
2173.70137 0.988819
2173.97893 0.985262
2174.25653 0.978588
2174.53416 0.970058
2174.81182 0.979822
2175.08952 0.987088
2175.36726 0.988999
2175.64503 0.990772
2175.92284 0.983927
2176.20068 0.972676
2176.47856 0.978796
2176.75647 0.990002
2177.03442 0.993728
2177.3124 0.993787
2177.59042 0.99336
2177.86848 0.990231
2178.14657 0.974633
2178.4247 0.95653
2178.70286 0.97157
2178.98106 0.980055
2179.25929 0.971964
2179.53756 0.978141
2179.81586 0.988099
2180.0942 0.992847
2180.37258 0.994202
2180.65099 0.994451
2180.92943 0.994386
2181.20791 0.994724
2181.48643 0.994976
2181.76498 0.99506
2182.04357 0.994931
2182.3222 0.993877
2182.60086 0.990383
2182.87955 0.981645
2183.15828 0.957539
2183.43705 0.936358
2183.71585 0.956507
2183.99469 0.968855
2184.27356 0.973839
2184.55247 0.953744
2184.83141 0.927736
2185.11039 0.950604
2185.38941 0.97926
2185.66846 0.990703
2185.94755 0.994159
2186.22667 0.994817
2186.50583 0.993964
2186.78502 0.988114
2187.06425 0.980915
2187.34352 0.982646
2187.62282 0.981175
2187.90215 0.977757
2188.18152 0.975366
2188.46093 0.984716
2188.74038 0.992239
2189.01985 0.993023
2189.29937 0.98795
2189.57892 0.982586
2189.85851 0.987537
2190.13813 0.985203
2190.41779 0.976025
2190.69748 0.981987
2190.97721 0.991411
2191.25697 0.994638
2191.53677 0.995051
2191.81661 0.995008
2192.09648 0.994919
2192.37639 0.994483
2192.65633 0.994086
2192.93631 0.994267
2193.21633 0.994797
2193.49638 0.995017
2193.77646 0.994739
2194.05659 0.992863
2194.33674 0.982196
2194.61694 0.963
2194.89717 0.957789
2195.17743 0.968244
2195.45773 0.984626
2195.73807 0.991982
2196.01844 0.991363
2196.29885 0.986552
2196.57929 0.98292
2196.85977 0.986448
2197.14029 0.989451
2197.42084 0.988806
2197.70143 0.985585
2197.98205 0.961064
2198.26271 0.927364
2198.54341 0.943802
2198.82414 0.965007
2199.1049 0.960281
2199.38571 0.942498
2199.66655 0.922135
2199.94742 0.896488
2200.22833 0.879629
2200.50928 0.889249
2200.79026 0.933133
2201.07127 0.967345
2201.35233 0.971554
2201.63342 0.958852
2201.91454 0.948098
2202.1957 0.943759
2202.4769 0.950796
2202.75813 0.956561
2203.0394 0.963843
2203.32071 0.971859
2203.60205 0.978994
2203.88343 0.978988
2204.16484 0.971683
2204.44629 0.96158
2204.72777 0.940349
2205.00929 0.925686
2205.29085 0.952423
2205.57244 0.977409
2205.85407 0.984319
2206.13573 0.988486
2206.41743 0.986402
2206.69917 0.980808
2206.98094 0.984498
2207.26275 0.985108
2207.5446 0.983715
2207.82648 0.988774
2208.10839 0.992576
2208.39034 0.993855
2208.67233 0.993985
2208.95436 0.993787
2209.23642 0.99337
2209.51851 0.993748
2209.80064 0.993732
2210.08281 0.990259
2210.36502 0.986336
2210.64726 0.988989
2210.92953 0.985445
2211.21185 0.978509
2211.49419 0.985954
2211.77658 0.992371
2212.059 0.993281
2212.34146 0.993462
2212.62395 0.993103
2212.90648 0.993377
2213.18904 0.993693
2213.47164 0.992976
2213.75428 0.992039
2214.03695 0.991379
2214.31966 0.9909
2214.60241 0.985751
2214.88519 0.979277
2215.16801 0.986085
2215.45086 0.98994
2215.73375 0.977091
2216.01668 0.955499
2216.29964 0.947943
2216.58264 0.949668
2216.86567 0.974091
2217.14874 0.990542
2217.43185 0.991632
2217.71499 0.988988
2217.99817 0.987221
2218.28138 0.987908
2218.56464 0.988398
2218.84792 0.98929
2219.13125 0.991287
2219.41461 0.991165
2219.698 0.990077
2219.98143 0.990658
2220.2649 0.989731
2220.54841 0.986268
2220.83195 0.985963
2221.11552 0.976616
2221.39914 0.955499
2221.68279 0.95113
2221.96647 0.965048
2222.25019 0.98214
2222.53395 0.988942
2222.81775 0.989857
2223.10158 0.989813
2223.38544 0.989304
2223.66935 0.987317
2223.95328 0.986696
2224.23726 0.988071
2224.52127 0.988485
2224.80532 0.98298
2225.0894 0.97762
2225.37352 0.980917
2225.65768 0.985042
2225.94187 0.98514
2226.2261 0.976872
2226.51037 0.962159
2226.79467 0.960876
2227.07901 0.960555
2227.36338 0.970285
2227.64779 0.981621
2227.93224 0.984111
2228.21672 0.983704
2228.50124 0.986347
2228.7858 0.988789
2229.07039 0.988553
2229.35502 0.9896
2229.63969 0.990927
2229.92439 0.990351
2230.20913 0.988362
2230.4939 0.985001
2230.77871 0.981382
2231.06356 0.979389
2231.34844 0.965428
2231.63336 0.948898
2231.91832 0.960371
2232.20331 0.957728
2232.48834 0.948018
2232.7734 0.966545
2233.05851 0.980854
2233.34364 0.977635
2233.62882 0.967433
2233.91403 0.976342
2234.19928 0.984412
2234.48456 0.984758
2234.76988 0.982891
2235.05524 0.981024
2235.34063 0.982173
2235.62606 0.981174
2235.91152 0.972922
2236.19703 0.96276
2236.48257 0.957379
2236.76814 0.970807
2237.05375 0.976953
2237.3394 0.968887
2237.62509 0.961131
2237.91081 0.959713
2238.19656 0.970188
2238.48236 0.983782
2238.76819 0.988586
2239.05406 0.98788
2239.33996 0.982944
2239.6259 0.977987
2239.91188 0.973334
2240.19789 0.961369
2240.48394 0.966734
2240.77003 0.976029
2241.05615 0.971117
2241.34231 0.958996
2241.6285 0.960372
2241.91474 0.978611
2242.201 0.984379
2242.48731 0.976676
2242.77365 0.975307
2243.06003 0.978556
2243.34645 0.975487
2243.6329 0.958437
2243.91939 0.937847
2244.20591 0.945441
2244.49247 0.973289
2244.77907 0.987929
2245.0657 0.988096
2245.35238 0.986029
2245.63908 0.975338
2245.92583 0.955278
2246.21261 0.946877
2246.49943 0.950218
2246.78628 0.941006
2247.07317 0.919966
2247.3601 0.923482
2247.64706 0.957672
2247.93406 0.980302
2248.2211 0.986211
2248.50818 0.985242
2248.79529 0.98078
2249.08243 0.977517
2249.36962 0.974628
2249.65684 0.967453
2249.9441 0.969736
2250.23139 0.962282
2250.51872 0.955913
2250.80609 0.964015
2251.09349 0.970446
2251.38093 0.977634
2251.66841 0.98145
2251.95593 0.977789
2252.24348 0.96583
2252.53106 0.964634
2252.81869 0.971517
2253.10635 0.966219
2253.39405 0.956715
2253.68178 0.937626
2253.96955 0.922433
2254.25736 0.943784
2254.54521 0.967233
2254.83309 0.974292
2255.12101 0.968808
2255.40896 0.95649
2255.69695 0.947797
2255.98498 0.942559
2256.27305 0.948045
2256.56115 0.932682
2256.84929 0.918845
2257.13747 0.931465
2257.42568 0.95871
2257.71393 0.968944
2258.00221 0.964495
2258.29054 0.961195
2258.5789 0.961502
2258.86729 0.972667
2259.15573 0.978434
2259.4442 0.978285
2259.73271 0.973153
2260.02125 0.95965
2260.30983 0.95679
2260.59845 0.958651
2260.8871 0.934299
2261.17579 0.913714
2261.46452 0.912162
2261.75329 0.895201
2262.04209 0.898314
2262.33093 0.91255
2262.6198 0.953447
2262.90872 0.981406
2263.19767 0.9715
2263.48665 0.939196
2263.77568 0.932604
2264.06474 0.949677
2264.35383 0.938434
2264.64297 0.911586
2264.93214 0.920023
2265.22135 0.951999
2265.51059 0.975288
2265.79987 0.984478
2266.08919 0.985205
2266.37855 0.984558
2266.66794 0.98338
2266.95737 0.9786
2267.24684 0.971049
2267.53634 0.955519
2267.82588 0.94232
2268.11546 0.924271
2268.40507 0.893005
2268.69472 0.858578
2268.98441 0.898709
2269.27414 0.955799
2269.5639 0.974392
2269.8537 0.972143
2270.14354 0.945135
2270.43341 0.91508
2270.72332 0.952025
2271.01327 0.981108
2271.30325 0.977958
2271.59327 0.964281
2271.88333 0.958368
2272.17343 0.930736
2272.46356 0.904035
2272.75373 0.936645
2273.04394 0.971519
2273.33418 0.971143
2273.62446 0.960953
2273.91478 0.975026
2274.20513 0.983881
2274.49553 0.970216
2274.78596 0.947122
2275.07642 0.92723
2275.36692 0.876687
2275.65747 0.847952
2275.94804 0.870488
2276.23866 0.917604
2276.52931 0.92267
2276.82 0.92596
2277.11072 0.923358
2277.40149 0.948718
2277.69229 0.974524
2277.98312 0.971531
2278.274 0.964475
2278.56491 0.973222
2278.85586 0.978449
2279.14684 0.98397
2279.43787 0.987771
2279.72893 0.988325
2280.02003 0.98255
2280.31116 0.958664
2280.60233 0.910198
2280.89354 0.886717
2281.18479 0.937396
2281.47607 0.966859
2281.76739 0.973221
2282.05875 0.975486
2282.35014 0.94972
2282.64157 0.879714
2282.93304 0.838834
2283.22455 0.898665
2283.51609 0.949648
2283.80767 0.92033
2284.09929 0.88846
2284.39095 0.936994
2284.68264 0.968692
2284.97437 0.941283
2285.26614 0.909767
2285.55794 0.93632
2285.84978 0.969257
2286.14166 0.981921
2286.43358 0.975719
2286.72553 0.963064
2287.01752 0.9684
2287.30955 0.972392
2287.60162 0.964259
2287.89372 0.966452
2288.18586 0.969418
2288.47804 0.97276
2288.77025 0.97566
2289.0625 0.949485
2289.35479 0.905553
2289.64712 0.873214
2289.93948 0.836383
2290.23188 0.882971
2290.52432 0.949012
2290.8168 0.962525
2291.10931 0.950116
2291.40186 0.954011
2291.69445 0.956072
2291.98707 0.942443
2292.27974 0.906187
2292.57244 0.902682
2292.86517 0.946513
2293.15795 0.969151
2293.45076 0.95492
2293.74361 0.929925
2294.0365 0.93116
2294.32942 0.949234
2294.62238 0.929364
2294.91538 0.891366
2295.20842 0.900049
2295.50149 0.896392
2295.7946 0.877447
2296.08775 0.896202
2296.38094 0.934365
2296.67416 0.950831
2296.96742 0.966138
2297.26072 0.980074
2297.55406 0.980477
2297.84743 0.957187
2298.14084 0.900829
2298.43429 0.85973
2298.72778 0.881866
2299.0213 0.898257
2299.31486 0.90831
2299.60846 0.93533
2299.9021 0.917899
2300.19577 0.88185
2300.48948 0.885261
2300.78323 0.894336
2301.07701 0.927438
2301.37084 0.958892
2301.6647 0.964619
2301.9586 0.957238
2302.25253 0.93828
2302.5465 0.93576
2302.84052 0.94277
2303.13456 0.943431
2303.42865 0.912452
2303.72277 0.886991
2304.01694 0.890311
2304.31113 0.88902
2304.60537 0.901653
2304.89964 0.928821
2305.19396 0.944717
2305.4883 0.933471
2305.78269 0.94473
2306.07711 0.949135
2306.37158 0.946178
2306.66608 0.940095
2306.96061 0.949682
2307.25519 0.925468
2307.5498 0.879601
2307.84445 0.925458
2308.13914 0.964408
2308.43386 0.970799
2308.72862 0.967994
2309.02342 0.957397
2309.31826 0.953486
2309.61314 0.962457
2309.90805 0.968421
2310.203 0.980332
2310.49799 0.990515
2310.79302 0.993524
2311.08808 0.993979
2311.38318 0.992182
2311.67832 0.986796
2311.9735 0.972837
2312.26871 0.96058
2312.56397 0.978484
2312.85926 0.992845
2313.15458 0.994452
2313.44995 0.99387
2313.74535 0.994196
2314.04079 0.994835
2314.33627 0.994562
2314.63179 0.992352
2314.92734 0.989927
2315.22293 0.989276
2315.51856 0.975534
2315.81423 0.930466
2316.10994 0.881079
2316.40568 0.838421
2316.70146 0.750473
2316.99728 0.695522
2317.29313 0.740892
2317.58903 0.793947
2317.88496 0.799631
2318.18093 0.819573
2318.47694 0.85055
2318.77298 0.882402
2319.06906 0.91243
2319.36518 0.920588
2319.66134 0.907143
2319.95754 0.913385
2320.25377 0.929508
2320.55005 0.935602
2320.84636 0.931753
2321.1427 0.941632
2321.43909 0.942453
2321.73551 0.918388
2322.03197 0.895046
2322.32847 0.914182
2322.62501 0.911543
2322.92158 0.918989
2323.2182 0.926754
2323.51485 0.943601
2323.81154 0.947044
2324.10826 0.963862
2324.40503 0.979482
2324.70183 0.98091
2324.99867 0.959216
2325.29555 0.925161
2325.59246 0.92906
2325.88941 0.963748
2326.18641 0.966345
2326.48344 0.948299
2326.7805 0.962582
2327.07761 0.980986
2327.37475 0.983791
2327.67193 0.980654
2327.96915 0.975757
2328.26641 0.927831
2328.5637 0.868804
2328.86104 0.911691
2329.15841 0.942198
2329.45582 0.949998
2329.75326 0.969987
2330.05075 0.983404
2330.34827 0.983779
2330.64583 0.966734
2330.94343 0.945683
2331.24107 0.939177
2331.53874 0.918075
2331.83646 0.90723
2332.13421 0.928216
2332.432 0.94944
2332.72982 0.95762
2333.02769 0.970963
2333.32559 0.975119
2333.62353 0.955337
2333.92151 0.936774
2334.21953 0.946095
2334.51758 0.937749
2334.81568 0.918686
2335.11381 0.92958
2335.41198 0.95558
2335.71019 0.952028
2336.00843 0.923543
2336.30672 0.934919
2336.60504 0.957978
2336.9034 0.967707
2337.20179 0.970461
2337.50023 0.964183
2337.7987 0.950392
2338.09722 0.921856
2338.39577 0.898653
2338.69436 0.898338
2338.99298 0.92342
2339.29165 0.936025
2339.59035 0.895458
2339.88909 0.840908
2340.18787 0.82499
2340.48669 0.850075
2340.78554 0.878388
2341.08444 0.865228
2341.38337 0.874785
2341.68234 0.89516
2341.98135 0.896582
2342.28039 0.930323
2342.57948 0.940747
2342.8786 0.935446
2343.17776 0.926365
2343.47696 0.911168
2343.7762 0.912791
2344.07547 0.946595
2344.37479 0.941477
2344.67414 0.897509
2344.97353 0.875413
2345.27296 0.891632
2345.57242 0.904946
2345.87193 0.917259
2346.17147 0.934845
2346.47105 0.905735
2346.77067 0.883301
2347.07033 0.911482
2347.37003 0.905283
2347.66976 0.869634
2347.96953 0.848417
2348.26934 0.848863
2348.56919 0.882028
2348.86908 0.916218
2349.16901 0.910822
2349.46897 0.904467
2349.76897 0.890133
2350.06901 0.865432
2350.36909 0.818899
2350.66921 0.821865
2350.96937 0.81823
2351.26956 0.861488
2351.56979 0.855339
2351.87006 0.858752
2352.17037 0.824535
2352.47072 0.778429
2352.77111 0.865354
2353.07153 0.901378
2353.37199 0.848581
2353.67249 0.864965
2353.97303 0.935879
2354.27361 0.957615
2354.57423 0.935768
2354.87488 0.927134
2355.17557 0.937793
2355.4763 0.911689
2355.77707 0.81872
2356.07788 0.792971
2356.37873 0.88531
2356.67961 0.946005
2356.98054 0.934518
2357.2815 0.926001
2357.5825 0.946929
2357.88354 0.938166
2358.18461 0.880845
2358.48573 0.77054
2358.78688 0.735346
2359.08807 0.864868
2359.3893 0.96466
2359.69057 0.986138
2359.99188 0.985471
2360.29323 0.983706
2360.59461 0.983464
2360.89603 0.979312
2361.1975 0.946307
2361.499 0.88711
2361.80054 0.895247
2362.10211 0.952211
2362.40373 0.979631
2362.70538 0.980893
2363.00707 0.976892
2363.30881 0.964846
2363.61057 0.928107
2363.91238 0.880072
2364.21423 0.898896
2364.51612 0.917992
2364.81804 0.948957
2365.12 0.971255
2365.422 0.98012
2365.72404 0.980891
2366.02612 0.953489
2366.32824 0.922502
2366.63039 0.945838
2366.93259 0.928051
2367.23482 0.840056
2367.53709 0.803552
2367.8394 0.86449
2368.14175 0.932289
2368.44413 0.939504
2368.74656 0.904113
2369.04902 0.877927
2369.35152 0.915558
2369.65407 0.925301
2369.95665 0.826783
2370.25926 0.650413
2370.56192 0.567648
2370.86462 0.619142
2371.16735 0.631513
2371.47012 0.614705
2371.77294 0.688347
2372.07579 0.786204
2372.37868 0.821897
2372.6816 0.838851
2372.98457 0.884219
2373.28758 0.91885
2373.59062 0.909745
2373.8937 0.921967
2374.19682 0.949615
2374.49998 0.94067
2374.80318 0.927242
2375.10642 0.934659
2375.40969 0.940319
2375.71301 0.949555
2376.01636 0.920128
2376.31976 0.847499
2376.62319 0.791915
2376.92666 0.818319
2377.23016 0.879281
2377.53371 0.907177
2377.8373 0.841147
2378.14092 0.73203
2378.44459 0.818904
2378.74829 0.932114
2379.05203 0.962237
2379.35581 0.953684
2379.65963 0.921077
2379.96349 0.895295
2380.26738 0.879291
2380.57132 0.87457
2380.87529 0.908392
2381.1793 0.95602
2381.48335 0.974754
2381.78744 0.977413
2382.09157 0.972521
2382.39574 0.95938
2382.69995 0.916365
2383.00419 0.80977
2383.30848 0.733918
2383.6128 0.756176
2383.91716 0.719028
2384.22157 0.76429
2384.52601 0.852928
2384.83048 0.92892
2385.135 0.963526
2385.43956 0.947557
2385.74415 0.86273
2386.04879 0.760495
2386.35346 0.793653
2386.65817 0.863491
2386.96293 0.924128
2387.26772 0.928402
2387.57254 0.897591
2387.87741 0.827676
2388.18232 0.750087
2388.48726 0.860638
2388.79225 0.959312
2389.09727 0.97421
2389.40234 0.947629
2389.70744 0.905531
2390.01258 0.905628
2390.31776 0.933514
2390.62297 0.935614
2390.92823 0.873433
2391.23353 0.741988
2391.53886 0.650184
2391.84424 0.811547
2392.14965 0.943021
2392.4551 0.96122
2392.7606 0.954493
2393.06613 0.936186
2393.37169 0.933964
2393.6773 0.954728
2393.98295 0.940683
2394.28864 0.898455
2394.59436 0.912738
2394.90013 0.930666
2395.20593 0.931281
2395.51177 0.928775
2395.81765 0.943084
2396.12358 0.931591
2396.42953 0.822338
2396.73553 0.71021
2397.04157 0.783662
2397.34765 0.854938
2397.65376 0.926189
2397.95992 0.956379
2398.26611 0.94804
2398.57235 0.951638
2398.87862 0.955604
2399.18493 0.96379
2399.49128 0.956524
2399.79767 0.943092
2400.1041 0.902478
2400.41057 0.84819
2400.71708 0.897966
2401.02362 0.959484
2401.33021 0.97385
2401.63683 0.962792
2401.9435 0.950902
2402.2502 0.951616
2402.55694 0.969398
2402.86372 0.967013
2403.17054 0.951867
2403.4774 0.945515
2403.7843 0.868907
2404.09124 0.709407
2404.39821 0.67416
2404.70523 0.841882
2405.01229 0.946659
2405.31938 0.946281
2405.62652 0.923899
2405.93369 0.915765
2406.2409 0.902701
2406.54815 0.854736
2406.85544 0.756571
2407.16277 0.76895
2407.47014 0.795254
2407.77755 0.782887
2408.085 0.871914
2408.39249 0.955118
2408.70001 0.970204
2409.00758 0.955991
2409.31518 0.923202
2409.62283 0.81547
2409.93051 0.722007
2410.23823 0.830995
2410.546 0.944256
2410.8538 0.974372
2411.16164 0.966831
2411.46952 0.896794
2411.77744 0.820455
2412.08539 0.876434
2412.39339 0.927486
2412.70143 0.958415
2413.00951 0.973783
2413.31762 0.951809
2413.62578 0.8951
2413.93397 0.801476
2414.24221 0.709507
2414.55048 0.799313
2414.85879 0.915786
2415.16714 0.929558
2415.47554 0.80417
2415.78397 0.543355
2416.09244 0.446325
2416.40095 0.656683
2416.70949 0.864552
2417.01808 0.940474
2417.32671 0.948872
2417.63538 0.942023
2417.94408 0.90828
2418.25283 0.745918
2418.56162 0.544638
2418.87044 0.511874
2419.17931 0.440986
2419.48821 0.543304
2419.79715 0.792833
2420.10613 0.92398
2420.41516 0.959396
2420.72422 0.967548
2421.03332 0.968452
2421.34246 0.967234
2421.65164 0.935783
2421.96086 0.887834
2422.27012 0.913632
2422.57942 0.951564
2422.88875 0.962199
2423.19813 0.96327
2423.50755 0.935635
2423.817 0.819659
2424.1265 0.725519
2424.43604 0.835425
2424.74561 0.917508
2425.05523 0.921043
2425.36488 0.935481
2425.67457 0.935725
2425.98431 0.849361
2426.29408 0.730263
2426.60389 0.805879
2426.91374 0.923911
2427.22363 0.960282
2427.53356 0.955473
2427.84353 0.957963
2428.15354 0.973745
2428.46359 0.979324
2428.77368 0.974189
2429.08381 0.969053
2429.39398 0.967145
2429.70419 0.964668
2430.01444 0.964938
2430.32472 0.970597
2430.63505 0.977259
2430.94542 0.976511
2431.25582 0.975521
2431.56627 0.976597
2431.87675 0.978182
2432.18728 0.974849
2432.49784 0.953645
2432.80845 0.901849
2433.11909 0.79732
2433.42978 0.720549
2433.7405 0.837192
2434.05126 0.92163
2434.36207 0.887672
2434.67291 0.765117
2434.98379 0.551527
2435.29471 0.328832
2435.60567 0.335333
2435.91667 0.424855
2436.22771 0.367923
2436.5388 0.471008
2436.84992 0.737878
2437.16108 0.895688
2437.47228 0.941793
2437.78352 0.955534
2438.09479 0.963495
2438.40611 0.97027
2438.71747 0.974111
2439.02887 0.978087
2439.34031 0.979943
2439.65179 0.978701
2439.9633 0.976052
2440.27486 0.973299
2440.58646 0.973692
2440.8981 0.977754
2441.20977 0.979949
2441.52149 0.977168
2441.83325 0.974047
2442.14504 0.967688
2442.45688 0.920743
2442.76876 0.844152
2443.08067 0.852792
2443.39263 0.925026
2443.70462 0.960588
2444.01666 0.961054
2444.32873 0.957441
2444.64085 0.952693
2444.953 0.937979
2445.2652 0.889505
2445.57743 0.721398
2445.88971 0.443873
2446.20202 0.381494
2446.51438 0.620385
2446.82677 0.722988
2447.1392 0.622615
2447.45168 0.64279
2447.76419 0.721545
2448.07674 0.721518
2448.38934 0.838223
2448.70197 0.933782
2449.01465 0.951627
2449.32736 0.940443
2449.64011 0.863696
2449.95291 0.658366
2450.26574 0.506793
2450.57861 0.597651
2450.89152 0.546295
2451.20448 0.375896
2451.51747 0.422939
2451.8305 0.667592
2452.14358 0.853462
2452.45669 0.92164
2452.76984 0.943625
2453.08303 0.936501
2453.39627 0.855519
2453.70954 0.749903
2454.02285 0.773996
2454.33621 0.69669
2454.6496 0.549319
2454.96303 0.702181
2455.2765 0.892063
2455.59002 0.95489
2455.90357 0.964904
2456.21716 0.95815
2456.5308 0.950857
2456.84447 0.956434
2457.15818 0.967112
2457.47194 0.970545
2457.78573 0.972389
2458.09956 0.973185
2458.41344 0.973647
2458.72735 0.97123
2459.0413 0.95988
2459.3553 0.944798
2459.66933 0.951915
2459.9834 0.96809
2460.29752 0.974343
2460.61167 0.972128
2460.92587 0.960303
2461.2401 0.940086
2461.55438 0.928467
2461.86869 0.904044
2462.18304 0.773601
2462.49744 0.494147
2462.81187 0.352407
2463.12635 0.581812
2463.44086 0.809483
2463.75542 0.891151
2464.07002 0.854808
2464.38465 0.78462
2464.69933 0.865845
2465.01404 0.945739
2465.3288 0.964671
2465.6436 0.957626
2465.95843 0.940888
2466.27331 0.946145
2466.58823 0.959329
2466.90318 0.957772
2467.21818 0.919442
2467.53322 0.779062
2467.8483 0.656274
2468.16342 0.780327
2468.47857 0.876563
2468.79377 0.896678
2469.10901 0.927694
2469.42429 0.947254
2469.73961 0.948573
2470.05497 0.938197
2470.37037 0.925773
2470.68581 0.917289
2471.00129 0.890557
2471.31681 0.820825
2471.63237 0.644147
2471.94797 0.352273
2472.26362 0.152966
2472.5793 0.146223
2472.89502 0.213189
2473.21078 0.450186
2473.52659 0.729833
2473.84243 0.87078
2474.15831 0.916103
2474.47424 0.92626
2474.7902 0.896146
2475.10621 0.847246
2475.42225 0.839356
2475.73834 0.856024
2476.05446 0.914455
2476.37063 0.951084
2476.68683 0.95141
2477.00308 0.90603
2477.31937 0.835237
2477.6357 0.851814
2477.95206 0.893206
2478.26847 0.836376
2478.58492 0.747692
2478.90141 0.811132
2479.21794 0.849579
2479.53451 0.793331
2479.85112 0.697112
2480.16777 0.612446
2480.48446 0.489805
2480.80119 0.565157
2481.11797 0.559784
2481.43478 0.446861
2481.75163 0.563392
2482.06853 0.765835
2482.38546 0.84513
2482.70243 0.855996
2483.01945 0.82661
2483.3365 0.747061
2483.6536 0.588794
2483.97074 0.321647
2484.28791 0.195556
2484.60513 0.385442
2484.92239 0.662784
2485.23969 0.819783
2485.55703 0.871961
2485.87441 0.861682
2486.19183 0.813631
2486.50929 0.715715
2486.82679 0.576145
2487.14433 0.584784
2487.46191 0.481897
2487.77953 0.249778
2488.0972 0.200558
2488.4149 0.325701
2488.73264 0.565352
2489.05043 0.67216
2489.36825 0.615271
2489.68612 0.684378
2490.00403 0.73561
2490.32197 0.677953
2490.63996 0.695956
2490.95799 0.701032
2491.27606 0.713474
2491.59417 0.649765
2491.91232 0.439908
2492.23051 0.399788
2492.54874 0.596424
2492.86702 0.696512
2493.18533 0.653896
2493.50368 0.649658
2493.82208 0.64709
2494.14051 0.467503
2494.45899 0.198193
2494.7775 0.101444
2495.09606 0.199794
2495.41466 0.413542
2495.73329 0.670088
2496.05197 0.77237
2496.37069 0.69547
2496.68945 0.628382
2497.00825 0.722241
2497.3271 0.797475
2497.64598 0.769894
2497.9649 0.729897
2498.28386 0.706922
2498.60287 0.807861
2498.92191 0.801952
2499.241 0.697122
2499.56013 0.729808
2499.87929 0.806547
2500.1985 0.860079
2500.51775 0.839954
2500.83704 0.799615
2501.15637 0.84111
2501.47574 0.831887
2501.79516 0.767731
2502.11461 0.763019
2502.4341 0.662934
2502.75364 0.403247
2503.07321 0.199949
2503.39283 0.306224
2503.71248 0.571388
2504.03218 0.69461
2504.35192 0.596492
2504.6717 0.480102
2504.99152 0.589048
2505.31138 0.54722
2505.63128 0.284567
2505.95123 0.155206
2506.27121 0.244159
2506.59123 0.434127
2506.9113 0.700661
2507.23141 0.851312
2507.55155 0.889119
2507.87174 0.891514
2508.19197 0.850783
2508.51224 0.709736
2508.83255 0.555753
2509.1529 0.530727
2509.47329 0.536237
2509.79373 0.678339
2510.1142 0.708756
2510.43472 0.500954
2510.75527 0.204573
2511.07587 0.132332
2511.39651 0.313701
2511.71719 0.475964
2512.03791 0.472521
2512.35867 0.460307
2512.67947 0.400113
2513.00031 0.490236
2513.32119 0.574378
2513.64212 0.722063
2513.96308 0.795298
2514.28409 0.675407
2514.60514 0.392228
2514.92623 0.178178
2515.24736 0.150748
2515.56853 0.137133
2515.88974 0.0966149
2516.21099 0.0810505
2516.53229 0.100791
2516.85362 0.129862
2517.175 0.0731107
2517.49641 0.0884955
2517.81787 0.273001
2518.13937 0.469062
2518.46091 0.540423
2518.78249 0.541315
2519.10411 0.373476
2519.42577 0.201517
2519.74748 0.181248
