# Obtained using Skycalc tool from ESO webpage
# Water vapour content 2.5 mm
Wave[nm] Transmission[no-units]
1430 0.37153
1430.16529 0.72369
1430.3306 0.898252
1430.49593 0.927033
1430.66127 0.887028
1430.82664 0.74532
1430.99202 0.497451
1431.15743 0.32036
1431.32285 0.349379
1431.48829 0.33359
1431.65375 0.230777
1431.81923 0.262619
1431.98473 0.370925
1432.15025 0.440225
1432.31579 0.265524
1432.48135 0.135402
1432.64692 0.284763
1432.81252 0.511826
1432.97813 0.557044
1433.14377 0.63811
1433.30942 0.768511
1433.47509 0.741722
1433.64078 0.620971
1433.80649 0.560614
1433.97222 0.542442
1434.13797 0.450186
1434.30374 0.305312
1434.46952 0.273967
1434.63533 0.481424
1434.80115 0.664495
1434.967 0.718237
1435.13286 0.640632
1435.29874 0.573793
1435.46465 0.676642
1435.63057 0.740398
1435.79651 0.73124
1435.96247 0.533865
1436.12844 0.372459
1436.29444 0.466716
1436.46046 0.610134
1436.62649 0.71356
1436.79255 0.701103
1436.95862 0.630242
1437.12472 0.495729
1437.29083 0.371773
1437.45696 0.332425
1437.62311 0.215196
1437.78928 0.126548
1437.95547 0.237588
1438.12168 0.501015
1438.28791 0.688901
1438.45416 0.691829
1438.62042 0.681972
1438.78671 0.779898
1438.95301 0.761589
1439.11934 0.666353
1439.28568 0.557837
1439.45204 0.307602
1439.61843 0.276241
1439.78483 0.53787
1439.95125 0.710294
1440.11769 0.725349
1440.28415 0.696465
1440.45062 0.580566
1440.61712 0.6186
1440.78364 0.675087
1440.95017 0.682477
1441.11673 0.679622
1441.2833 0.517476
1441.4499 0.313723
1441.61651 0.399419
1441.78314 0.633745
1441.94979 0.771827
1442.11646 0.725436
1442.28315 0.632886
1442.44986 0.661947
1442.61659 0.638503
1442.78334 0.42221
1442.9501 0.287033
1443.11689 0.477237
1443.28369 0.759192
1443.45052 0.869334
1443.61736 0.856143
1443.78423 0.820174
1443.95111 0.760598
1444.11801 0.626495
1444.28493 0.549492
1444.45187 0.584849
1444.61883 0.746993
1444.78581 0.822947
1444.95281 0.765925
1445.11983 0.639713
1445.28686 0.461881
1445.45392 0.267255
1445.621 0.0973939
1445.78809 0.101917
1445.9552 0.313865
1446.12234 0.535962
1446.28949 0.642207
1446.45666 0.76282
1446.62385 0.80662
1446.79107 0.692277
1446.9583 0.531812
1447.12555 0.48191
1447.29281 0.578177
1447.4601 0.719514
1447.62741 0.850932
1447.79474 0.916217
1447.96208 0.875571
1448.12945 0.76069
1448.29683 0.74033
1448.46424 0.81026
1448.63166 0.784943
1448.7991 0.748379
1448.96656 0.80042
1449.13405 0.867768
1449.30155 0.874531
1449.46907 0.829749
1449.63661 0.738799
1449.80417 0.628329
1449.97174 0.598446
1450.13934 0.453779
1450.30696 0.344134
1450.4746 0.291127
1450.64225 0.198965
1450.80993 0.25566
1450.97762 0.296528
1451.14534 0.304912
1451.31307 0.515249
1451.48082 0.774063
1451.64859 0.842005
1451.81639 0.766784
1451.9842 0.664181
1452.15203 0.540214
1452.31988 0.574553
1452.48775 0.778707
1452.65563 0.861431
1452.82354 0.728971
1452.99147 0.583664
1453.15942 0.715678
1453.32738 0.849069
1453.49537 0.871162
1453.66337 0.912542
1453.8314 0.930592
1453.99944 0.903154
1454.1675 0.864032
1454.33559 0.800706
1454.50369 0.799757
1454.67181 0.862311
1454.83995 0.854852
1455.00811 0.776651
1455.17629 0.572254
1455.34449 0.419118
1455.51271 0.607018
1455.68095 0.804153
1455.84921 0.864542
1456.01748 0.830847
1456.18578 0.799115
1456.3541 0.844919
1456.52243 0.881252
1456.69079 0.881235
1456.85916 0.828894
1457.02755 0.817965
1457.19597 0.837156
1457.3644 0.80352
1457.53285 0.74216
1457.70132 0.636489
1457.86982 0.748969
1458.03833 0.897592
1458.20686 0.93932
1458.37541 0.925046
1458.54397 0.88946
1458.71256 0.879413
1458.88117 0.894799
1459.0498 0.892263
1459.21845 0.906521
1459.38711 0.91341
1459.5558 0.919133
1459.7245 0.877579
1459.89323 0.827829
1460.06197 0.765015
1460.23074 0.578114
1460.39952 0.502495
1460.56832 0.691891
1460.73715 0.860257
1460.90599 0.88887
1461.07485 0.774741
1461.24373 0.623169
1461.41263 0.692302
1461.58155 0.760404
1461.75049 0.778506
1461.91945 0.857244
1462.08843 0.899413
1462.25743 0.921191
1462.42645 0.899848
1462.59548 0.856666
1462.76454 0.811122
1462.93362 0.652393
1463.10271 0.456361
1463.27183 0.393182
1463.44096 0.599509
1463.61012 0.827979
1463.77929 0.876896
1463.94849 0.843836
1464.1177 0.901458
1464.28693 0.953694
1464.45618 0.962483
1464.62546 0.956067
1464.79475 0.919421
1464.96406 0.753565
1465.13339 0.447248
1465.30274 0.374559
1465.47211 0.659204
1465.6415 0.857531
1465.81091 0.80418
1465.98034 0.658958
1466.14978 0.666647
1466.31925 0.660363
1466.48874 0.555297
1466.65825 0.557994
1466.82777 0.614131
1466.99732 0.534562
1467.16688 0.608169
1467.33647 0.775903
1467.50607 0.804501
1467.6757 0.697096
1467.84534 0.595445
1468.01501 0.751858
1468.18469 0.871989
1468.35439 0.865244
1468.52412 0.850762
1468.69386 0.898176
1468.86362 0.907787
1469.0334 0.820881
1469.2032 0.725879
1469.37302 0.651565
1469.54286 0.460575
1469.71272 0.440729
1469.8826 0.685963
1470.0525 0.850891
1470.22242 0.825243
1470.39236 0.651723
1470.56232 0.416459
1470.73229 0.282253
1470.90229 0.337928
1471.07231 0.37878
1471.24235 0.544488
1471.4124 0.739549
1471.58248 0.780186
1471.75257 0.742524
1471.92269 0.791402
1472.09282 0.718993
1472.26298 0.471379
1472.43315 0.348975
1472.60335 0.474733
1472.77356 0.736606
1472.94379 0.846015
1473.11405 0.766299
1473.28432 0.703612
1473.45461 0.759926
1473.62492 0.670257
1473.79526 0.563876
1473.96561 0.709513
1474.13598 0.872891
1474.30637 0.940256
1474.47678 0.947827
1474.64721 0.91883
1474.81766 0.911322
1474.98813 0.946654
1475.15862 0.959069
1475.32913 0.917533
1475.49966 0.824919
1475.6702 0.675058
1475.84077 0.506784
1476.01136 0.562858
1476.18197 0.76233
1476.35259 0.881621
1476.52324 0.869456
1476.69391 0.757933
1476.86459 0.625963
1477.0353 0.560006
1477.20603 0.695812
1477.37677 0.851706
1477.54754 0.836037
1477.71832 0.630957
1477.88913 0.447817
1478.05995 0.539515
1478.2308 0.715793
1478.40166 0.871813
1478.57255 0.936295
1478.74345 0.898477
1478.91437 0.825102
1479.08532 0.835484
1479.25628 0.793224
1479.42726 0.642169
1479.59826 0.637536
1479.76929 0.796573
1479.94033 0.827971
1480.11139 0.680999
1480.28247 0.542791
1480.45357 0.488008
1480.62469 0.556499
1480.79583 0.714908
1480.96699 0.875771
1481.13817 0.942321
1481.30937 0.929784
1481.48059 0.806017
1481.65183 0.607012
1481.82309 0.608148
1481.99437 0.680999
1482.16567 0.650168
1482.33699 0.768754
1482.50833 0.884556
1482.67969 0.926118
1482.85107 0.913228
1483.02246 0.859329
1483.19388 0.854805
1483.36532 0.87943
1483.53678 0.911342
1483.70826 0.938376
1483.87975 0.930149
1484.05127 0.890457
1484.22281 0.775081
1484.39436 0.617065
1484.56594 0.649779
1484.73754 0.795135
1484.90915 0.900735
1485.08079 0.882686
1485.25244 0.804172
1485.42412 0.801874
1485.59582 0.795184
1485.76753 0.871131
1485.93927 0.878456
1486.11102 0.816361
1486.2828 0.800687
1486.45459 0.712486
1486.62641 0.652646
1486.79824 0.685779
1486.97009 0.749778
1487.14197 0.751102
1487.31386 0.789326
1487.48578 0.819375
1487.65771 0.869859
1487.82966 0.815402
1488.00164 0.720363
1488.17363 0.763933
1488.34565 0.800359
1488.51768 0.891006
1488.68973 0.939621
1488.8618 0.92108
1489.0339 0.91012
1489.20601 0.931042
1489.37814 0.904714
1489.5503 0.78479
1489.72247 0.684332
1489.89466 0.81068
1490.06687 0.935281
1490.2391 0.969729
1490.41136 0.975076
1490.58363 0.970908
1490.75592 0.969086
1490.92823 0.964682
1491.10056 0.947431
1491.27292 0.817528
1491.44529 0.662252
1491.61768 0.777145
1491.79009 0.889996
1491.96252 0.885241
1492.13497 0.88438
1492.30744 0.910847
1492.47994 0.911468
1492.65245 0.91385
1492.82498 0.886391
1492.99753 0.890682
1493.1701 0.922023
1493.34269 0.931739
1493.5153 0.960784
1493.68793 0.970781
1493.86058 0.931789
1494.03325 0.886526
1494.20594 0.897806
1494.37866 0.919611
1494.55139 0.950046
1494.72414 0.925573
1494.89691 0.854942
1495.0697 0.85571
1495.24251 0.886537
1495.41534 0.912878
1495.58819 0.890404
1495.76106 0.839834
1495.93395 0.900744
1496.10686 0.953305
1496.27979 0.908686
1496.45274 0.815925
1496.62571 0.821279
1496.7987 0.921041
1496.97171 0.974752
1497.14474 0.981714
1497.31779 0.976118
1497.49086 0.950738
1497.66395 0.922722
1497.83706 0.911943
1498.01019 0.862991
1498.18334 0.864899
1498.35651 0.922047
1498.5297 0.94301
1498.70291 0.962292
1498.87615 0.964877
1499.0494 0.941898
1499.22267 0.925455
1499.39596 0.946243
1499.56927 0.939981
1499.7426 0.913012
1499.91595 0.948523
1500.08932 0.982231
1500.26271 0.988621
1500.43612 0.983372
1500.60955 0.965843
1500.783 0.954911
1500.95647 0.970024
1501.12996 0.976455
1501.30347 0.971811
1501.47701 0.972941
1501.65056 0.938407
1501.82413 0.894324
1501.99772 0.93922
1502.17133 0.980303
1502.34496 0.981244
1502.51861 0.948325
1502.69228 0.90671
1502.86598 0.931067
1503.03969 0.949461
1503.21342 0.935215
1503.38717 0.92735
1503.56094 0.914084
1503.73473 0.887823
1503.90855 0.832477
1504.08238 0.850752
1504.25623 0.904877
1504.4301 0.904008
1504.604 0.880858
1504.77791 0.849853
1504.95184 0.909288
1505.12579 0.954865
1505.29977 0.969299
1505.47376 0.978687
1505.64777 0.970909
1505.82181 0.961377
1505.99586 0.975697
1506.16993 0.985923
1506.34403 0.986864
1506.51814 0.988736
1506.69227 0.989311
1506.86643 0.986555
1507.0406 0.967655
1507.2148 0.942564
1507.38901 0.958556
1507.56324 0.979451
1507.7375 0.983239
1507.91177 0.98152
1508.08607 0.956257
1508.26038 0.918397
1508.43472 0.913628
1508.60907 0.877485
1508.78345 0.858381
1508.95784 0.894632
1509.13226 0.9102
1509.3067 0.95356
1509.48115 0.984445
1509.65563 0.989521
1509.83012 0.988716
1510.00464 0.977454
1510.17918 0.962984
1510.35373 0.971191
1510.52831 0.980159
1510.70291 0.983192
1510.87753 0.975535
1511.05216 0.964425
1511.22682 0.969304
1511.4015 0.979038
1511.5762 0.981287
1511.75092 0.986196
1511.92566 0.990004
1512.10041 0.98751
1512.27519 0.970366
1512.44999 0.952079
1512.62481 0.96245
1512.79965 0.961622
1512.97451 0.95655
1513.14939 0.963859
1513.32429 0.971851
1513.49921 0.966644
1513.67415 0.955394
1513.84911 0.940581
1514.02409 0.944661
1514.1991 0.953874
1514.37412 0.974531
1514.54916 0.984816
1514.72422 0.975691
1514.8993 0.966971
1515.07441 0.979649
1515.24953 0.989033
1515.42467 0.987013
1515.59983 0.983574
1515.77502 0.987168
1515.95022 0.986819
1516.12545 0.967324
1516.30069 0.945881
1516.47595 0.964235
1516.65124 0.967202
1516.82654 0.952643
1517.00187 0.966985
1517.17722 0.975622
1517.35258 0.966649
1517.52797 0.951002
1517.70337 0.959867
1517.8788 0.980621
1518.05425 0.987984
1518.22971 0.979847
1518.4052 0.96956
1518.58071 0.975984
1518.75624 0.971081
1518.93179 0.953431
1519.10735 0.949363
1519.28294 0.961558
1519.45855 0.971965
1519.63418 0.979734
1519.80983 0.984132
1519.9855 0.983201
1520.16119 0.982567
1520.3369 0.975846
1520.51263 0.97286
1520.68839 0.983157
1520.86416 0.990047
1521.03995 0.991232
1521.21576 0.991016
1521.39159 0.989005
1521.56745 0.984608
1521.74332 0.977564
1521.91921 0.973265
1522.09513 0.98291
1522.27106 0.989549
1522.44702 0.989844
1522.62299 0.990376
1522.79899 0.990966
1522.975 0.990872
1523.15104 0.990014
1523.32709 0.985859
1523.50317 0.98183
1523.67927 0.985906
1523.85539 0.990108
1524.03152 0.990777
1524.20768 0.988268
1524.38386 0.978349
1524.56006 0.969783
1524.73628 0.978317
1524.91252 0.984098
1525.08878 0.983936
1525.26506 0.984544
1525.44136 0.984221
1525.61768 0.980569
1525.79402 0.976436
1525.97038 0.981824
1526.14676 0.985861
1526.32317 0.984698
1526.49959 0.979699
1526.67603 0.975862
1526.8525 0.97586
1527.02898 0.983128
1527.20549 0.981342
1527.38201 0.974223
1527.55856 0.981695
1527.73512 0.988332
1527.91171 0.988454
1528.08831 0.988389
1528.26494 0.989562
1528.44159 0.989259
1528.61826 0.983481
1528.79494 0.977665
1528.97165 0.984123
1529.14838 0.989179
1529.32513 0.989059
1529.5019 0.985679
1529.67869 0.981657
1529.8555 0.983836
1530.03233 0.985791
1530.20919 0.982863
1530.38606 0.981689
1530.56295 0.985456
1530.73986 0.987931
1530.9168 0.987487
1531.09375 0.98316
1531.27073 0.975589
1531.44772 0.975237
1531.62474 0.983358
1531.80177 0.987724
1531.97883 0.987201
1532.1559 0.98724
1532.333 0.986952
1532.51012 0.986114
1532.68726 0.986191
1532.86442 0.985637
1533.04159 0.985632
1533.21879 0.983683
1533.39601 0.983402
1533.57325 0.984028
1533.75052 0.981682
1533.9278 0.980603
1534.1051 0.980936
1534.28242 0.983012
1534.45976 0.982109
1534.63713 0.982437
1534.81451 0.979744
1534.99192 0.976627
1535.16934 0.974043
1535.34679 0.977881
1535.52425 0.980544
1535.70174 0.979906
1535.87925 0.98076
1536.05677 0.980823
1536.23432 0.982661
1536.41189 0.983906
1536.58948 0.985231
1536.76709 0.984598
1536.94472 0.984025
1537.12237 0.982148
1537.30004 0.985897
1537.47773 0.988513
1537.65544 0.988636
1537.83318 0.98969
1538.01093 0.989866
1538.1887 0.989584
1538.3665 0.988711
1538.54431 0.987388
1538.72215 0.986891
1538.90001 0.985149
1539.07788 0.982927
1539.25578 0.980085
1539.4337 0.982478
1539.61164 0.983092
1539.78959 0.984202
1539.96757 0.983542
1540.14557 0.98539
1540.3236 0.985021
1540.50164 0.98488
1540.6797 0.984977
1540.85778 0.983013
1541.03588 0.983467
1541.21401 0.982746
1541.39215 0.984127
1541.57032 0.98348
1541.7485 0.985268
1541.92671 0.984377
1542.10493 0.981271
1542.28318 0.983914
1542.46145 0.98523
1542.63974 0.986211
1542.81805 0.985406
1542.99638 0.986636
1543.17473 0.98784
1543.3531 0.986994
1543.53149 0.988048
1543.7099 0.988349
1543.88833 0.988883
1544.06679 0.986446
1544.24526 0.982743
1544.42375 0.984043
1544.60227 0.987308
1544.7808 0.990013
1544.95936 0.990662
1545.13794 0.990443
1545.31654 0.990382
1545.49515 0.98958
1545.67379 0.989273
1545.85245 0.989746
1546.03113 0.989502
1546.20983 0.989157
1546.38856 0.989515
1546.5673 0.989909
1546.74606 0.990611
1546.92484 0.990936
1547.10365 0.990897
1547.28247 0.990542
1547.46132 0.990538
1547.64019 0.990921
1547.81907 0.990845
1547.99798 0.990603
1548.17691 0.99111
1548.35586 0.991487
1548.53483 0.991434
1548.71382 0.991265
1548.89283 0.991336
1549.07186 0.99145
1549.25091 0.991528
1549.42999 0.991273
1549.60908 0.990859
1549.78819 0.99084
1549.96733 0.991252
1550.14648 0.991567
1550.32566 0.99159
1550.50486 0.991284
1550.68408 0.990998
1550.86332 0.990642
1551.04257 0.990322
1551.22186 0.990808
1551.40116 0.99117
1551.58048 0.99091
1551.75982 0.99047
1551.93918 0.989365
1552.11857 0.988392
1552.29797 0.989976
1552.4774 0.991249
1552.65684 0.991323
1552.83631 0.991518
1553.0158 0.991563
1553.19531 0.991437
1553.37483 0.991654
1553.55438 0.991774
1553.73395 0.991705
1553.91355 0.991482
1554.09316 0.990655
1554.27279 0.990074
1554.45244 0.99076
1554.63212 0.99107
1554.81181 0.991238
1554.99153 0.991525
1555.17127 0.991691
1555.35102 0.991841
1555.5308 0.991931
1555.7106 0.991937
1555.89042 0.991901
1556.07026 0.991807
1556.25012 0.991663
1556.43 0.991702
1556.60991 0.991782
1556.78983 0.991734
1556.96978 0.991771
1557.14974 0.99175
1557.32973 0.991644
1557.50973 0.99178
1557.68976 0.991899
1557.86981 0.991791
1558.04988 0.991585
1558.22997 0.991651
1558.41008 0.99177
1558.59021 0.991491
1558.77037 0.991138
1558.95054 0.991463
1559.13073 0.991675
1559.31095 0.991587
1559.49118 0.991612
1559.67144 0.99161
1559.85172 0.991486
1560.03202 0.991434
1560.21234 0.99166
1560.39268 0.991789
1560.57304 0.991722
1560.75342 0.991394
1560.93382 0.99126
1561.11424 0.991551
1561.29469 0.991706
1561.47515 0.991865
1561.65564 0.991972
1561.83615 0.991868
1562.01667 0.991054
1562.19722 0.989703
1562.37779 0.989802
1562.55838 0.990895
1562.73899 0.991125
1562.91963 0.990721
1563.10028 0.991176
1563.28095 0.991723
1563.46165 0.991888
1563.64236 0.991596
1563.8231 0.991156
1564.00386 0.991196
1564.18464 0.99067
1564.36544 0.990257
1564.54626 0.99117
1564.7271 0.991873
1564.90796 0.991956
1565.08884 0.991806
1565.26975 0.991637
1565.45067 0.991647
1565.63162 0.991492
1565.81258 0.990896
1565.99357 0.99065
1566.17458 0.990992
1566.35561 0.991383
1566.53666 0.991406
1566.71773 0.99095
1566.89882 0.990286
1567.07993 0.989917
1567.26107 0.989742
1567.44222 0.989525
1567.6234 0.988739
1567.80459 0.987376
1567.98581 0.98638
1568.16705 0.985357
1568.34831 0.983254
1568.52959 0.981571
1568.71089 0.981038
1568.89222 0.980319
1569.07356 0.974708
1569.25492 0.967765
1569.43631 0.967796
1569.61771 0.969565
1569.79914 0.959071
1569.98059 0.955756
1570.16206 0.958805
1570.34355 0.946199
1570.52506 0.941792
1570.70659 0.948135
1570.88815 0.931566
1571.06972 0.92811
1571.25131 0.939741
1571.43293 0.927659
1571.61457 0.927109
1571.79623 0.920568
1571.9779 0.917636
1572.1596 0.931381
1572.34133 0.925898
1572.52307 0.931757
1572.70483 0.924134
1572.88662 0.928252
1573.06842 0.917521
1573.25025 0.919705
1573.43209 0.931185
1573.61396 0.93162
1573.79585 0.941232
1573.97776 0.941405
1574.15969 0.950648
1574.34164 0.952097
1574.52362 0.961088
1574.70561 0.964598
1574.88763 0.973487
1575.06966 0.979222
1575.25172 0.983501
1575.4338 0.985547
1575.6159 0.980017
1575.79802 0.972676
1575.98016 0.96768
1576.16232 0.958293
1576.34451 0.956233
1576.52671 0.947693
1576.70894 0.949219
1576.89118 0.942872
1577.07345 0.955887
1577.25574 0.952687
1577.43805 0.943066
1577.62038 0.944294
1577.80274 0.932921
1577.98511 0.939002
1578.1675 0.935178
1578.34992 0.956141
1578.53235 0.956434
1578.71481 0.934976
1578.89729 0.940212
1579.07979 0.937557
1579.26231 0.959182
1579.44485 0.960805
1579.62742 0.941993
1579.81 0.947017
1579.99261 0.945277
1580.17523 0.964179
1580.35788 0.96678
1580.54055 0.951247
1580.72324 0.96021
1580.90595 0.960963
1581.08868 0.96533
1581.27144 0.968168
1581.45421 0.960787
1581.637 0.973725
1581.81982 0.976366
1582.00266 0.967077
1582.18552 0.97654
1582.3684 0.978088
1582.5513 0.971966
1582.73422 0.975437
1582.91716 0.974652
1583.10013 0.980051
1583.28311 0.982399
1583.46612 0.978963
1583.64915 0.984604
1583.8322 0.985915
1584.01527 0.982133
1584.19836 0.986393
1584.38147 0.987673
1584.56461 0.985002
1584.74776 0.987859
1584.93094 0.988409
1585.11413 0.986703
1585.29735 0.989234
1585.48059 0.989906
1585.66385 0.988483
1585.84714 0.990016
1586.03044 0.98982
1586.21376 0.987967
1586.39711 0.989687
1586.58047 0.990769
1586.76386 0.990055
1586.94727 0.989994
1587.1307 0.989303
1587.31415 0.989603
1587.49763 0.991071
1587.68112 0.991532
1587.86464 0.991318
1588.04817 0.991602
1588.23173 0.991612
1588.41531 0.991421
1588.59891 0.991617
1588.78253 0.991951
1588.96617 0.991955
1589.14984 0.99186
1589.33352 0.991973
1589.51723 0.991919
1589.70095 0.991792
1589.8847 0.991779
1590.06847 0.991192
1590.25226 0.990633
1590.43608 0.991423
1590.61991 0.992012
1590.80376 0.992012
1590.98764 0.991965
1591.17154 0.992074
1591.35546 0.99205
1591.5394 0.99135
1591.72336 0.990574
1591.90734 0.991335
1592.09134 0.991874
1592.27537 0.991267
1592.45941 0.990663
1592.64348 0.99138
1592.82757 0.991982
1593.01168 0.992156
1593.19581 0.99217
1593.37996 0.992108
1593.56414 0.992167
1593.74833 0.992197
1593.93255 0.992013
1594.11679 0.991181
1594.30105 0.990161
1594.48533 0.990494
1594.66963 0.991364
1594.85395 0.991717
1595.03829 0.991733
1595.22266 0.991942
1595.40705 0.992092
1595.59146 0.991984
1595.77588 0.991764
1595.96034 0.991279
1596.14481 0.990604
1596.3293 0.990619
1596.51382 0.990735
1596.69835 0.990629
1596.88291 0.990732
1597.06749 0.989813
1597.25209 0.988439
1597.43671 0.98873
1597.62135 0.989382
1597.80602 0.988797
1597.9907 0.98777
1598.17541 0.986118
1598.36014 0.98397
1598.54489 0.982204
1598.72966 0.981609
1598.91445 0.981128
1599.09926 0.975422
1599.2841 0.970443
1599.46895 0.971333
1599.65383 0.969613
1599.83873 0.959106
1600.02365 0.957453
1600.20859 0.961403
1600.39356 0.947112
1600.57854 0.944341
1600.76355 0.951182
1600.94857 0.944933
1601.13362 0.944756
1601.31869 0.925469
1601.50378 0.922909
1601.6889 0.937284
1601.87403 0.930984
1602.05919 0.934223
1602.24436 0.923784
1602.42956 0.926333
1602.61478 0.916957
1602.80002 0.916677
1602.98529 0.926956
1603.17057 0.924438
1603.35588 0.933786
1603.5412 0.930281
1603.72655 0.938399
1603.91192 0.93577
1604.09731 0.944191
1604.28272 0.943517
1604.46816 0.952484
1604.65361 0.953235
1604.83909 0.962692
1605.02459 0.966471
1605.21011 0.976126
1605.39565 0.982187
1605.58121 0.985811
1605.7668 0.988203
1605.9524 0.982551
1606.13803 0.974712
1606.32368 0.970053
1606.50935 0.960497
1606.69504 0.958831
1606.88075 0.95054
1607.06649 0.955184
1607.25224 0.949984
1607.43802 0.956067
1607.62382 0.95506
1607.80964 0.938006
1607.99548 0.94012
1608.18134 0.934121
1608.36723 0.951841
1608.55313 0.950831
1608.73906 0.939172
1608.92501 0.941951
1609.11098 0.933727
1609.29697 0.951668
1609.48299 0.951502
1609.66902 0.942114
1609.85508 0.94588
1610.04116 0.938525
1610.22726 0.958057
1610.41338 0.95897
1610.59952 0.942958
1610.78569 0.94892
1610.97187 0.946919
1611.15808 0.964654
1611.34431 0.966531
1611.53056 0.953082
1611.71683 0.966978
1611.90312 0.968948
1612.08944 0.959475
1612.27577 0.964518
1612.46213 0.963945
1612.64851 0.974406
1612.83491 0.977041
1613.02133 0.969636
1613.20778 0.978275
1613.39424 0.979686
1613.58073 0.974014
1613.76724 0.982076
1613.95377 0.983594
1614.14032 0.978464
1614.3269 0.983952
1614.51349 0.984771
1614.70011 0.980635
1614.88675 0.984904
1615.07341 0.985903
1615.26009 0.983156
1615.44679 0.986115
1615.63351 0.986462
1615.82026 0.984206
1616.00703 0.986553
1616.19382 0.987025
1616.38063 0.98539
1616.56746 0.986853
1616.75431 0.98695
1616.94119 0.9857
1617.12809 0.987451
1617.31501 0.988676
1617.50195 0.988583
1617.68891 0.988848
1617.87589 0.988563
1618.0629 0.988093
1618.24992 0.989272
1618.43697 0.98989
1618.62404 0.988309
1618.81113 0.987854
1618.99825 0.989033
1619.18538 0.989824
1619.37254 0.990439
1619.55972 0.990598
1619.74692 0.990778
1619.93414 0.990901
1620.12138 0.990745
1620.30865 0.991047
1620.49593 0.990665
1620.68324 0.990403
1620.87057 0.991063
1621.05792 0.990799
1621.2453 0.990439
1621.43269 0.990684
1621.62011 0.990786
1621.80755 0.991143
1621.995 0.991357
1622.18249 0.991098
1622.36999 0.99123
1622.55751 0.991561
1622.74506 0.991435
1622.93263 0.991448
1623.12022 0.991616
1623.30783 0.991483
1623.49546 0.991232
1623.68312 0.990435
1623.87079 0.989499
1624.05849 0.990103
1624.24621 0.991073
1624.43395 0.991682
1624.62172 0.991857
1624.8095 0.992048
1624.99731 0.99209
1625.18514 0.991689
1625.37299 0.991108
1625.56086 0.990842
1625.74875 0.990224
1625.93667 0.989146
1626.1246 0.989648
1626.31256 0.990836
1626.50054 0.991325
1626.68855 0.991904
1626.87657 0.991905
1627.06462 0.990475
1627.25268 0.988981
1627.44077 0.990092
1627.62888 0.991159
1627.81702 0.990564
1628.00517 0.988448
1628.19335 0.987781
1628.38154 0.988878
1628.56976 0.988962
1628.758 0.989421
1628.94627 0.99084
1629.13455 0.991074
1629.32286 0.99053
1629.51119 0.991126
1629.69954 0.991666
1629.88791 0.991756
1630.0763 0.991183
1630.26472 0.987386
1630.45316 0.981105
1630.64161 0.982053
1630.8301 0.987625
1631.0186 0.990432
1631.20712 0.990799
1631.39567 0.99034
1631.58424 0.990544
1631.77283 0.991339
1631.96144 0.990887
1632.15007 0.989611
1632.33873 0.989104
1632.5274 0.98836
1632.7161 0.985392
1632.90482 0.98061
1633.09356 0.98118
1633.28233 0.986543
1633.47112 0.988796
1633.65992 0.988957
1633.84875 0.989631
1634.0376 0.990704
1634.22648 0.990408
1634.41537 0.989922
1634.60429 0.990533
1634.79323 0.990157
1634.98219 0.988747
1635.17117 0.981985
1635.36018 0.971016
1635.5492 0.975798
1635.73825 0.986366
1635.92732 0.98947
1636.11641 0.989638
1636.30553 0.990602
1636.49466 0.989687
1636.68382 0.987849
1636.873 0.989674
1637.0622 0.991237
1637.25142 0.989432
1637.44067 0.977675
1637.62993 0.958967
1637.81922 0.962201
1638.00853 0.980605
1638.19786 0.989139
1638.38722 0.990032
1638.57659 0.989395
1638.76599 0.989426
1638.95541 0.988131
1639.14485 0.987349
1639.33432 0.985941
1639.5238 0.984239
1639.71331 0.984905
1639.90284 0.985063
1640.09239 0.96865
1640.28196 0.944934
1640.47156 0.954754
1640.66118 0.977591
1640.85082 0.984913
1641.04048 0.985906
1641.23016 0.985128
1641.41986 0.985688
1641.60959 0.98459
1641.79934 0.985027
1641.98911 0.984118
1642.1789 0.984714
1642.36872 0.983351
1642.55855 0.980061
1642.74841 0.954085
1642.93829 0.928116
1643.12819 0.954958
1643.31812 0.979792
1643.50806 0.983556
1643.69803 0.985346
1643.88802 0.985356
1644.07803 0.987672
1644.26807 0.988208
1644.45812 0.987942
1644.6482 0.988687
1644.8383 0.988136
1645.02842 0.987931
1645.21857 0.981074
1645.40873 0.949588
1645.59892 0.917305
1645.78913 0.953938
1645.97936 0.984279
1646.16961 0.988458
1646.35989 0.989915
1646.55019 0.989799
1646.74051 0.98871
1646.93085 0.988309
1647.12121 0.987207
1647.3116 0.98692
1647.50201 0.985073
1647.69244 0.985196
1647.88289 0.980742
1648.07336 0.958928
1648.26386 0.933825
1648.45437 0.954908
1648.64491 0.978367
1648.83548 0.982009
1649.02606 0.982177
1649.21667 0.980773
1649.40729 0.982661
1649.59794 0.983674
1649.78861 0.983508
1649.97931 0.98529
1650.17002 0.984341
1650.36076 0.985606
1650.55152 0.981007
1650.7423 0.953783
1650.93311 0.925655
1651.12394 0.953642
1651.31478 0.980088
1651.50565 0.984395
1651.69655 0.987326
1651.88746 0.986618
1652.0784 0.983569
1652.26936 0.986515
1652.46034 0.988408
1652.65134 0.990419
1652.84236 0.990784
1653.03341 0.989189
1653.22448 0.987594
1653.41557 0.980444
1653.60668 0.959363
1653.79782 0.941666
1653.98898 0.966997
1654.18016 0.987592
1654.37136 0.990701
1654.56258 0.991019
1654.75383 0.989895
1654.9451 0.987522
1655.13639 0.986349
1655.3277 0.987144
1655.51903 0.987904
1655.71039 0.987058
1655.90177 0.986692
1656.09317 0.986898
1656.28459 0.978085
1656.47603 0.965961
1656.6675 0.975887
1656.85899 0.987087
1657.0505 0.9885
1657.24203 0.988498
1657.43359 0.990325
1657.62517 0.990894
1657.81677 0.990244
1658.00839 0.991037
1658.20003 0.991908
1658.3917 0.991738
1658.58339 0.990984
1658.7751 0.990754
1658.96683 0.990464
1659.15859 0.985834
1659.35036 0.979953
1659.54216 0.985079
1659.73398 0.989556
1659.92583 0.990116
1660.11769 0.991265
1660.30958 0.992308
1660.50149 0.992623
1660.69342 0.992526
1660.88538 0.992046
1661.07735 0.990074
1661.26935 0.987313
1661.46137 0.988453
1661.65342 0.99004
1661.84548 0.989883
1662.03757 0.986647
1662.22968 0.980151
1662.42181 0.979549
1662.61397 0.986239
1662.80614 0.990679
1662.99834 0.991532
1663.19056 0.990852
1663.3828 0.989163
1663.57507 0.988829
1663.76736 0.990218
1663.95967 0.991338
1664.152 0.991962
1664.34435 0.992027
1664.53673 0.992081
1664.72913 0.991761
1664.92155 0.989424
1665.11399 0.974818
1665.30646 0.931281
1665.49894 0.883525
1665.69145 0.8789
1665.88399 0.904025
1666.07654 0.928975
1666.26912 0.930013
1666.46172 0.941342
1666.65434 0.961066
1666.84698 0.961484
1667.03965 0.967739
1667.23233 0.974688
1667.42504 0.980718
1667.61778 0.987451
1667.81053 0.988928
1668.00331 0.987156
1668.19611 0.985374
1668.38893 0.986373
1668.58177 0.987206
1668.77464 0.986816
1668.96753 0.989466
1669.16044 0.99015
1669.35337 0.989268
1669.54633 0.989981
1669.73931 0.990775
1669.9323 0.991644
1670.12533 0.991703
1670.31837 0.990662
1670.51144 0.989474
1670.70453 0.988885
1670.89764 0.98964
1671.09077 0.986661
1671.28393 0.981942
1671.47711 0.985914
1671.67031 0.989797
1671.86353 0.991388
1672.05678 0.99201
1672.25005 0.991887
1672.44334 0.991828
1672.63665 0.992077
1672.82998 0.992053
1673.02334 0.991917
1673.21672 0.991631
1673.41012 0.991403
1673.60355 0.991338
1673.79699 0.991096
1673.99046 0.989873
1674.18395 0.979706
1674.37747 0.966281
1674.571 0.976551
1674.76456 0.988609
1674.95814 0.991115
1675.15175 0.99144
1675.34537 0.990016
1675.53902 0.988549
1675.73269 0.990513
1675.92638 0.991624
1676.1201 0.991585
1676.31383 0.992256
1676.50759 0.992516
1676.70138 0.991156
1676.89518 0.989244
1677.08901 0.989382
1677.28286 0.986452
1677.47673 0.972106
1677.67062 0.958353
1677.86454 0.974957
1678.05848 0.989516
1678.25244 0.990291
1678.44643 0.988157
1678.64043 0.990118
1678.83446 0.992317
1679.02851 0.992775
1679.22259 0.992467
1679.41668 0.992074
1679.6108 0.99228
1679.80494 0.99168
1679.99911 0.990736
1680.19329 0.991708
1680.3875 0.990841
1680.58173 0.978983
1680.77598 0.965158
1680.97026 0.977924
1681.16456 0.989615
1681.35888 0.990731
1681.55322 0.989764
1681.74759 0.990843
1681.94197 0.991976
1682.13638 0.992352
1682.33082 0.992402
1682.52527 0.992293
1682.71975 0.992489
1682.91425 0.992432
1683.10877 0.991779
1683.30332 0.991439
1683.49789 0.991628
1683.69248 0.987765
1683.88709 0.966191
1684.08173 0.943752
1684.27638 0.966571
1684.47106 0.988199
1684.66577 0.992041
1684.86049 0.991727
1685.05524 0.991346
1685.25001 0.99094
1685.4448 0.991102
1685.63962 0.99155
1685.83446 0.991635
1686.02932 0.992062
1686.2242 0.992084
1686.4191 0.99158
1686.61403 0.991399
1686.80898 0.989958
1687.00396 0.983594
1687.19895 0.971467
1687.39397 0.965989
1687.58901 0.980067
1687.78407 0.989515
1687.97916 0.991059
1688.17427 0.991583
1688.3694 0.992211
1688.56455 0.992431
1688.75973 0.99129
1688.95493 0.989763
1689.15015 0.990156
1689.34539 0.989883
1689.54066 0.989055
1689.73595 0.990069
1689.93126 0.99098
1690.12659 0.990569
1690.32195 0.979698
1690.51733 0.959369
1690.71273 0.957604
1690.90815 0.972117
1691.1036 0.984532
1691.29907 0.984668
1691.49456 0.98074
1691.69007 0.985631
1691.88561 0.98907
1692.08117 0.987521
1692.27675 0.985605
1692.47236 0.986347
1692.66799 0.989488
1692.86364 0.991856
1693.05931 0.992217
1693.25501 0.991751
1693.45072 0.991812
1693.64646 0.989766
1693.84223 0.980749
1694.03801 0.971489
1694.23382 0.979197
1694.42965 0.987237
1694.62551 0.987661
1694.82138 0.986896
1695.01728 0.988804
1695.2132 0.991175
1695.40915 0.992071
1695.60512 0.992477
1695.80111 0.992563
1695.99712 0.992572
1696.19315 0.992463
1696.38921 0.990247
1696.58529 0.980785
1696.78139 0.970628
1696.97752 0.970069
1697.17367 0.957676
1697.36984 0.955118
1697.56603 0.974679
1697.76225 0.988587
1697.95849 0.990657
1698.15475 0.989575
1698.35103 0.989993
1698.54734 0.990893
1698.74367 0.991198
1698.94002 0.991008
1699.1364 0.99084
1699.3328 0.987321
1699.52922 0.981194
1699.72566 0.980715
1699.92213 0.98258
1700.11862 0.986203
1700.31513 0.988214
1700.51166 0.986835
1700.70822 0.97536
1700.9048 0.962015
1701.1014 0.972417
1701.29803 0.986022
1701.49467 0.989855
1701.69134 0.989211
1701.88804 0.988634
1702.08475 0.988528
1702.28149 0.988091
1702.47825 0.984623
1702.67504 0.980017
1702.87184 0.982087
1703.06867 0.985988
1703.26553 0.982669
1703.4624 0.977947
1703.6593 0.982006
1703.85622 0.986176
1704.05316 0.98722
1704.25013 0.986513
1704.44712 0.986158
1704.64413 0.987946
1704.84116 0.988478
1705.03822 0.984079
1705.2353 0.978073
1705.4324 0.977948
1705.62953 0.981884
1705.82668 0.985905
1706.02385 0.983052
1706.22104 0.977259
1706.41826 0.977845
1706.6155 0.97524
1706.81276 0.971841
1707.01005 0.979875
1707.20736 0.983664
1707.40469 0.977527
1707.60204 0.970327
1707.79942 0.975074
1707.99682 0.978664
1708.19424 0.976869
1708.39168 0.961084
1708.58915 0.928573
1708.78664 0.933152
1708.98415 0.966222
1709.18169 0.983574
1709.37925 0.985723
1709.57683 0.986326
1709.77444 0.988995
1709.97206 0.988983
1710.16971 0.987247
1710.36739 0.981477
1710.56508 0.975207
1710.7628 0.979877
1710.96054 0.986895
1711.15831 0.988909
1711.3561 0.989904
1711.55391 0.990513
1711.75174 0.991259
1711.9496 0.989828
1712.14747 0.986888
1712.34538 0.987306
1712.5433 0.988374
1712.74125 0.989718
1712.93922 0.989429
1713.13721 0.987086
1713.33523 0.987331
1713.53327 0.987356
1713.73133 0.982426
1713.92941 0.974821
1714.12752 0.955899
1714.32565 0.930404
1714.52381 0.949106
1714.72198 0.972428
1714.92018 0.985365
1715.1184 0.988235
1715.31665 0.986087
1715.51492 0.989397
1715.71321 0.989
1715.91152 0.968549
1716.10986 0.945026
1716.30822 0.967203
1716.5066 0.987808
1716.70501 0.990865
1716.90344 0.989503
1717.10189 0.989064
1717.30036 0.990038
1717.49886 0.990906
1717.69738 0.991865
1717.89592 0.991855
1718.09449 0.991054
1718.29308 0.990509
1718.49169 0.991059
1718.69033 0.990905
1718.88898 0.99019
1719.08767 0.991275
1719.28637 0.99197
1719.4851 0.991454
1719.68385 0.990726
1719.88262 0.989221
1720.08142 0.986895
1720.28023 0.987616
1720.47908 0.986637
1720.67794 0.985685
1720.87683 0.980383
1721.07574 0.946063
1721.27467 0.892283
1721.47363 0.899328
1721.67261 0.956653
1721.87161 0.985092
1722.07064 0.985149
1722.26969 0.982286
1722.46876 0.984583
1722.66785 0.983263
1722.86697 0.98314
1723.06611 0.983095
1723.26528 0.966599
1723.46446 0.9348
1723.66367 0.933985
1723.86291 0.963179
1724.06216 0.967335
1724.26144 0.944403
1724.46074 0.938927
1724.66007 0.94149
1724.85942 0.949237
1725.05879 0.97106
1725.25818 0.984684
1725.4576 0.986501
1725.65704 0.986947
1725.8565 0.983723
1726.05599 0.971264
1726.2555 0.962357
1726.45503 0.976436
1726.65459 0.987323
1726.85416 0.985936
1727.05377 0.980009
1727.25339 0.980848
1727.45304 0.984015
1727.65271 0.98571
1727.8524 0.986509
1728.05212 0.985699
1728.25186 0.977218
1728.45162 0.964085
1728.65141 0.957854
1728.85122 0.953537
1729.05105 0.970051
1729.25091 0.98366
1729.45079 0.988076
1729.65069 0.989863
1729.85061 0.990787
1730.05056 0.990046
1730.25053 0.988055
1730.45053 0.985504
1730.65054 0.982472
1730.85059 0.98146
1731.05065 0.98516
1731.25074 0.988514
1731.45085 0.987898
1731.65098 0.977519
1731.85113 0.933379
1732.05131 0.877323
1732.25152 0.866171
1732.45174 0.863304
1732.65199 0.931987
1732.85226 0.981317
1733.05256 0.989175
1733.25288 0.990371
1733.45322 0.990886
1733.65358 0.990054
1733.85397 0.988609
1734.05438 0.988428
1734.25481 0.987798
1734.45527 0.988816
1734.65575 0.988702
1734.85626 0.986473
1735.05678 0.985139
1735.25733 0.984024
1735.4579 0.962039
1735.6585 0.933082
1735.85912 0.936092
1736.05976 0.931885
1736.26043 0.954284
1736.46112 0.956992
1736.66183 0.920611
1736.86256 0.919534
1737.06332 0.961997
1737.26411 0.98714
1737.46491 0.990792
1737.66574 0.988871
1737.86659 0.985205
1738.06746 0.98369
1738.26836 0.984778
1738.46928 0.9871
1738.67023 0.988731
1738.87119 0.988197
1739.07219 0.989912
1739.2732 0.989873
1739.47424 0.982685
1739.6753 0.954241
1739.87638 0.926098
1740.07749 0.95331
1740.27862 0.977622
1740.47977 0.985702
1740.68095 0.987998
1740.88215 0.976676
1741.08337 0.913284
1741.28462 0.84306
1741.48589 0.894673
1741.68718 0.937797
1741.8885 0.961619
1742.08984 0.980871
1742.2912 0.98792
1742.49258 0.990536
1742.69399 0.990366
1742.89543 0.988832
1743.09688 0.988555
1743.29836 0.990169
1743.49986 0.990962
1743.70139 0.991229
1743.90294 0.98918
1744.10451 0.974025
1744.30611 0.918983
1744.50773 0.873867
1744.70937 0.933209
1744.91103 0.981677
1745.11272 0.989652
1745.31443 0.990879
1745.51617 0.9908
1745.71793 0.989558
1745.91971 0.98681
1746.12152 0.982774
1746.32334 0.968233
1746.5252 0.887041
1746.72707 0.786238
1746.92897 0.810853
1747.13089 0.8155
1747.33284 0.851293
1747.53481 0.903579
1747.7368 0.957625
1747.93881 0.985135
1748.14085 0.989254
1748.34292 0.989693
1748.545 0.990084
1748.74711 0.990138
1748.94924 0.988226
1749.1514 0.986067
1749.35358 0.987344
1749.55578 0.988788
1749.75801 0.989184
1749.96025 0.988396
1750.16253 0.989664
1750.36482 0.989838
1750.56714 0.986441
1750.76948 0.983745
1750.97185 0.984271
1751.17424 0.968991
1751.37665 0.892409
1751.57909 0.819611
1751.78155 0.903097
1751.98403 0.976108
1752.18654 0.988819
1752.38907 0.989318
1752.59162 0.984889
1752.7942 0.980303
1752.9968 0.985349
1753.19942 0.990018
1753.40207 0.991009
1753.60474 0.990974
1753.80743 0.990204
1754.01015 0.989387
1754.21289 0.988847
1754.41565 0.988101
1754.61844 0.983511
1754.82125 0.955611
1755.02409 0.871013
1755.22694 0.813957
1755.42983 0.901787
1755.63273 0.969453
1755.83566 0.983709
1756.03861 0.987482
1756.24158 0.985801
1756.44458 0.973654
1756.64761 0.918157
1756.85065 0.859372
1757.05372 0.903894
1757.25681 0.885966
1757.45993 0.817038
1757.66307 0.893375
1757.86623 0.969639
1758.06942 0.986595
1758.27263 0.988564
1758.47586 0.989322
1758.67912 0.989687
1758.8824 0.99041
1759.0857 0.99103
1759.28903 0.991504
1759.49238 0.991848
1759.69575 0.99152
1759.89915 0.989767
1760.10257 0.987508
1760.30602 0.987857
1760.50948 0.985599
1760.71298 0.963105
1760.91649 0.905017
1761.12003 0.875429
1761.32359 0.937465
1761.52718 0.982758
1761.73079 0.989872
1761.93442 0.987522
1762.13808 0.974103
1762.34176 0.932136
1762.54546 0.895175
1762.74919 0.917337
1762.95294 0.903144
1763.15671 0.89326
1763.36051 0.942265
1763.56433 0.978271
1763.76818 0.98749
1763.97205 0.988282
1764.17594 0.987271
1764.37985 0.985433
1764.58379 0.983757
1764.78776 0.985003
1764.99174 0.983471
1765.19575 0.969792
1765.39979 0.901115
1765.60384 0.745348
1765.80792 0.583701
1766.01203 0.580677
1766.21616 0.797464
1766.42031 0.940538
1766.62448 0.973269
1766.82868 0.976541
1767.0329 0.974952
1767.23715 0.974561
1767.44142 0.981536
1767.64571 0.981494
1767.85003 0.97384
1768.05437 0.9625
1768.25873 0.949832
1768.46312 0.965701
1768.66753 0.980225
1768.87197 0.976379
1769.07642 0.967824
1769.28091 0.961873
1769.48541 0.934295
1769.68994 0.908964
1769.89449 0.927244
1770.09907 0.958457
1770.30367 0.962088
1770.50829 0.90148
1770.71294 0.833763
1770.91761 0.898477
1771.12231 0.95642
1771.32703 0.974983
1771.53177 0.985453
1771.73653 0.986455
1771.94132 0.982789
1772.14614 0.98092
1772.35097 0.974223
1772.55583 0.962455
1772.76072 0.965722
1772.96563 0.9717
1773.17056 0.974242
1773.37551 0.979249
1773.58049 0.961095
1773.7855 0.87728
1773.99052 0.796368
1774.19557 0.831832
1774.40065 0.855594
1774.60574 0.913195
1774.81086 0.940833
1775.01601 0.941034
1775.22118 0.958432
1775.42637 0.960491
1775.63159 0.937876
1775.83683 0.881033
1776.04209 0.782416
1776.24738 0.724843
1776.45269 0.838363
1776.65802 0.928586
1776.86338 0.948185
1777.06876 0.952454
1777.27417 0.969918
1777.4796 0.977633
1777.68505 0.963879
1777.89053 0.941351
1778.09603 0.925139
1778.30155 0.87476
1778.5071 0.814815
1778.71267 0.717598
1778.91827 0.674506
1779.12389 0.772961
1779.32953 0.896683
1779.5352 0.952533
1779.74089 0.960297
1779.94661 0.970181
1780.15234 0.977387
1780.35811 0.97486
1780.56389 0.970644
1780.7697 0.937675
1780.97554 0.796274
1781.18139 0.604037
1781.38727 0.655612
1781.59318 0.808696
1781.79911 0.867862
1782.00506 0.934972
1782.21104 0.975217
1782.41704 0.971453
1782.62306 0.961387
1782.82911 0.971438
1783.03518 0.968594
1783.24128 0.949269
1783.4474 0.951179
1783.65354 0.957433
1783.85971 0.944611
1784.0659 0.891047
1784.27211 0.811864
1784.47835 0.732289
1784.68461 0.532789
1784.8909 0.486337
1785.09721 0.699951
1785.30354 0.881887
1785.5099 0.872138
1785.71628 0.725429
1785.92269 0.679316
1786.12912 0.8017
1786.33557 0.883432
1786.54205 0.911168
1786.74855 0.914536
1786.95507 0.799961
1787.16162 0.678061
1787.36819 0.788036
1787.57479 0.887692
1787.78141 0.941071
1787.98805 0.972469
1788.19472 0.979947
1788.40141 0.969041
1788.60813 0.896812
1788.81487 0.815262
1789.02163 0.892992
1789.22842 0.967916
1789.43523 0.98242
1789.64207 0.982002
1789.84893 0.97452
1790.05581 0.951201
1790.26272 0.867128
1790.46965 0.763381
1790.6766 0.744542
1790.88358 0.711758
1791.09058 0.780319
1791.29761 0.810441
1791.50466 0.809579
1791.71173 0.855704
1791.91883 0.822086
1792.12596 0.766668
1792.3331 0.747321
1792.54027 0.747271
1792.74747 0.720622
1792.95468 0.829077
1793.16193 0.8458
1793.36919 0.703229
1793.57648 0.62221
1793.7838 0.593973
1793.99113 0.583327
1794.1985 0.749899
1794.40588 0.884368
1794.61329 0.903996
1794.82073 0.889998
1795.02818 0.786298
1795.23566 0.647489
1795.44317 0.762293
1795.6507 0.894869
1795.85825 0.844862
1796.06583 0.693742
1796.27343 0.700263
1796.48106 0.825014
1796.68871 0.766757
1796.89638 0.564479
1797.10408 0.617095
1797.3118 0.822647
1797.51955 0.910751
1797.72732 0.906246
1797.93511 0.785689
1798.14293 0.660796
1798.35077 0.796501
1798.55864 0.931263
1798.76653 0.961319
1798.97444 0.959507
1799.18238 0.94622
1799.39034 0.893576
1799.59833 0.701349
1799.80634 0.457811
1800.01437 0.447956
1800.22243 0.437848
1800.43051 0.37438
1800.63862 0.491815
1800.84675 0.462391
1801.0549 0.276364
1801.26308 0.296531
1801.47128 0.465059
1801.67951 0.518696
1801.88776 0.579763
1802.09603 0.505202
1802.30433 0.430503
1802.51265 0.477927
1802.721 0.458351
1802.92937 0.624414
1803.13777 0.765673
1803.34619 0.669438
1803.55463 0.549396
1803.7631 0.582379
1803.97159 0.61352
1804.1801 0.76321
1804.38864 0.803458
1804.59721 0.752157
1804.80579 0.830528
1805.01441 0.906399
1805.22304 0.887009
1805.4317 0.72056
1805.64039 0.456287
1805.84909 0.36029
1806.05783 0.295631
1806.26658 0.150125
1806.47536 0.173661
1806.68417 0.402226
1806.893 0.65709
1807.10185 0.6733
1807.31073 0.487051
1807.51963 0.385828
1807.72856 0.455017
1807.93751 0.699552
1808.14648 0.855492
1808.35548 0.820613
1808.5645 0.703234
1808.77355 0.622678
1808.98262 0.515992
1809.19171 0.6376
1809.40083 0.778385
1809.60997 0.800441
1809.81914 0.818082
1810.02833 0.76367
1810.23755 0.599109
1810.44679 0.356456
1810.65605 0.292842
1810.86534 0.252437
1811.07465 0.175617
1811.28399 0.284148
1811.49335 0.569046
1811.70273 0.675082
1811.91214 0.500852
1812.12158 0.329368
1812.33103 0.395053
1812.54051 0.369969
1812.75002 0.161879
1812.95955 0.153698
1813.16911 0.393173
1813.37868 0.533916
1813.58829 0.515567
1813.79791 0.631857
1814.00756 0.792349
1814.21724 0.851621
1814.42694 0.844817
1814.63666 0.757919
1814.84641 0.548491
1815.05618 0.367362
1815.26598 0.317934
1815.4758 0.177372
1815.68565 0.108355
1815.89552 0.238785
1816.10541 0.344753
1816.31533 0.332574
1816.52527 0.471766
1816.73524 0.535846
1816.94523 0.398567
1817.15524 0.386572
1817.36528 0.537508
1817.57535 0.714856
1817.78543 0.780475
1817.99555 0.722283
1818.20568 0.533642
1818.41584 0.260415
1818.62603 0.144674
1818.83624 0.280472
1819.04647 0.545379
1819.25673 0.669591
1819.46701 0.606094
1819.67732 0.434868
1819.88765 0.273688
1820.098 0.12961
1820.30838 0.0336785
1820.51879 0.0064433
1820.72922 0.031714
1820.93967 0.131286
1821.15014 0.242483
1821.36065 0.20813
1821.57117 0.122629
1821.78172 0.113069
1821.9923 0.0747693
1822.20289 0.0805402
1822.41352 0.151462
1822.62416 0.162754
1822.83483 0.227244
1823.04553 0.474683
1823.25625 0.678937
1823.467 0.754248
1823.67776 0.791475
1823.88856 0.800216
1824.09938 0.787464
1824.31022 0.770203
1824.52108 0.727996
1824.73197 0.574923
1824.94289 0.414226
1825.15383 0.475823
1825.36479 0.507337
1825.57578 0.450562
1825.78679 0.326951
1825.99783 0.154337
1826.20889 0.0388533
1826.41998 0.0125417
1826.63109 0.0604586
1826.84222 0.19684
1827.05338 0.376692
1827.26456 0.511096
1827.47577 0.532553
1827.68701 0.469244
1827.89826 0.382581
1828.10954 0.234007
1828.32085 0.108356
1828.53218 0.0945944
1828.74353 0.0682613
1828.95491 0.0446568
1829.16631 0.125139
1829.37774 0.286077
1829.58919 0.354714
1829.80067 0.252433
